                                                                                                                                           17:05 Thursday, January 21, 2010   1

                                                                    Minnesota Department of Transportation
                                                                 Continuous Count Station Edited Data for 2009


---------------------------------------------------------------------Station 31, Direction East, August -----------------------------------------------------------------------
                        Hour Ending At:
    DATE         DAY       1 am  2 am  3 am  4 am 5 am  6 am  7 am  8 am  9 am 10 am 11 am  Noon  1 pm  2 pm  3 pm  4 pm  5 pm  6 pm  7 pm  8 pm  9 pm 10 pm 11 pm 12 mid TOTAL

  Aug 3, 2009  Monday         7     8    10    33   88   185   183   155   171   158   187   176   213   226   227   265   188   131   113    84    45    34    11     7   2905
  Aug 4, 2009  Tuesday        9     6    16    37  125   175   163   145   156   157   172   192   201   250   236   284   175   128   114    96    60    32    25    16   2970
  Aug 5, 2009  Wednesday      6     8    11    34  114   166   158   157   163   166   206   176   199   207   239   307   166   144   115   105    70    39    24    13   2993
  Aug 6, 2009  Thursday       6     6     7    40  104   169   202   177   178   187   237   220   261   246   292   305   213   165   144   111    75    41    29    13   3428
  Aug 7, 2009  Friday        22     3    16    37   83   141   151   174   183   235   268   291   339   307   370   434   305   216   186   129    97    58    41    23   4109

  Aug 8, 2009  Saturday      18    10     6    20   35    48   102   161   223   169   192   226   203   218   218   189   140   123   102    89    74    37    36    15   2654
  Aug 9, 2009  Sunday        16     2     8    11   28    22    44   100   127   163   157   197   207   159   172   157   135    98   101    78    53    20    15    15   2085

  Aug 10, 2009 Monday         6     3    17    48  169   237   159   164   160   158   179   205   199   204   246   259   199   142   115    69    59    32    30    14   3073
  Aug 11, 2009 Tuesday       16     4    16    40  116   179   161   163   180   188   205   206   211   195   245   310   194   142   138    90    76    30    21     9   3135
  Aug 12, 2009 Wednesday     12     4    12    37  119   162   179   174   180   198   203   234   202   231   271   295   183   151   144   125    65    31    26    11   3249
  Aug 13, 2009 Thursday       7     7    12    44  124   176   154   164   179   190   226   215   233   272   277   342   227   167   144   103    65    32    34    18   3412
  Aug 14, 2009 Friday        17     8    19    27   97   174   170   213   176   230   242   321   330   316   400   429   350   249   166   109    88    48    42    22   4243

  Aug 15, 2009 Saturday      10    12    11    14   45    66    89   122   188   171   199   189   203   211   213   216   182    95    87    90    76    33    36    13   2571
  Aug 16, 2009 Sunday        11    10     4    10   14    34    57    69    92    97   116   149   175   187   203   193   183   141    86   107    34    21    18     7   2018

  Aug 17, 2009 Monday         9     2    16    22  127   172   175   128   186   153   168   207   181   199   235   249   161   120   107    78    50    19    30    19   2813
  Aug 18, 2009 Tuesday        5     9    14    50  123   200   196   155   161   153   171   202   186   212   245   271   185   127   121    98    60    30    26    16   3016
  Aug 19, 2009 Wednesday      9     9    14    30  122   178   190   168   156   164   157   182   197   227   280   297   198   147   121    88    58    33    18     7   3050
* Aug 20, 2009 Thursday      12     6    16    35  116   182   190   168   156   186   202   217   239   241   289   322   234   193   148   117    91    36    32    18   3446
  Aug 21, 2009 Friday        16    13    16    36   99   168   202   199   201   203   263   289   310   372   376   476   346   239   177   149    93    63    89    58   4453

  Aug 22, 2009 Saturday      18    13     9    23   41    45   128   176   193   243   252   260   228   242   202   169   170   150   127   102    79    31    31    20   2952
  Aug 23, 2009 Sunday        13    19     5     4   19    29    55    83   135   149   195   181   181   176   175   149   151   134    95    76    49    21    17    13   2124

  Aug 24, 2009 Monday         5     7    17    37  117   164   165   143   159   148   179   171   168   198   259   280   187   138   114    72    32    25    25     8   2818
  Aug 25, 2009 Tuesday        2    11    13    35  114   212   174   179   157   149   166   180   203   224   231   270   187   139   110    95    41    22    17     8   2939
  Aug 26, 2009 Wednesday      8     5    17    37  114   158   215   201   173   166   192   208   226   200   247   297   210   153   132   111    46    27    26    10   3179
* Aug 27, 2009 Thursday       7     6    15    42  127   171   193   186   133   182   181   182   200   239   294   284   198   161   126   124    59    29    26    10   3175
* Aug 28, 2009 Friday         7     6    15    42  127   171   193   163   180   219   213   241   268   329   412   409   339   220   170   169    85    85    45    23   4131

  Aug 29, 2009 Saturday      17    16    11    10   33    75   139   124   168   168   194   172   195   196   191   173   172   132   117   107    81    56    36    18   2601
  Aug 30, 2009 Sunday        18     4     5     6   16    24    62    79    96   143   146   176   161   189   198   167   144   121   101    75    50    35    18     8   2042

* Aug 31, 2009 Monday         5     2    20    33  107   205   176   162   139   149   194   213   185   205   250   238   178   116    92   101    36    20    18    12   2856

AVERAGES FOR DAY GROUPINGS 1 am  2 am  3 am  4 am 5 am  6 am  7 am  8 am  9 am 10 am 11 am  Noon  1 pm  2 pm  3 pm  4 pm  5 pm  6 pm  7 pm  8 pm  9 pm 10 pm 11 pm 12 mid TOTAL

               Mondays        6     4    16    35  122   193   172   150   163   153   181   194   189   206   243   258   183   129   108    81    44    26    23    12   2893
               Tuesdays       8     8    15    41  120   192   174   161   164   162   179   195   200   220   239   284   185   134   121    95    59    29    22    12   3015
               Wednesdays     9     7    14    35  117   166   186   175   168   174   190   200   206   216   259   299   189   149   128   107    60    33    24    10   3118
               Thursdays      8     6    13    40  118   175   185   174   162   186   212   209   233   250   288   313   218   172   141   114    73    35    30    15   3365
               Fridays       16     8    17    36  102   164   179   187   185   222   247   286   312   331   390   437   335   231   175   139    91    64    54    32   4234

               Saturdays     16    13     9    17   39    59   115   146   193   188   209   212   207   217   206   187   166   125   108    97    78    39    35    17   2695
               Sundays       15     9     6     8   19    27    55    83   113   138   154   176   181   178   187   167   153   124    96    84    47    24    17    11   2067

  East         Weekday (Monday-Friday):   3325   Weekend (Saturday-Sunday):   2381   TOTAL Month (MADT):    3050

* - Day Contains Some or All Estimated Data Due to Missing Data or Malfunctions at the ATR.
                                                                                                                                           17:05 Thursday, January 21, 2010   2

                                                                    Minnesota Department of Transportation
                                                                 Continuous Count Station Edited Data for 2009


---------------------------------------------------------------------Station 31, Direction West, August -----------------------------------------------------------------------
                        Hour Ending At:
    DATE         DAY       1 am  2 am  3 am  4 am 5 am  6 am  7 am  8 am  9 am 10 am 11 am  Noon  1 pm  2 pm  3 pm  4 pm  5 pm  6 pm  7 pm  8 pm  9 pm 10 pm 11 pm 12 mid TOTAL

  Aug 3, 2009  Monday        10    12    16    57  187   219   199   162   191   213   243   237   231   202   243   244   181   101    72    75    47    27    21     3   3193
  Aug 4, 2009  Tuesday        9     8    11    46  158   210   175   149   166   189   167   202   219   185   255   228   174   106    82    57    49    22    18    11   2896
  Aug 5, 2009  Wednesday      8    11    11    38  143   218   149   140   188   188   195   188   203   211   272   232   181    96    81    73    41    17    20     6   2910
  Aug 6, 2009  Thursday      16     9    18    52  154   217   169   169   189   189   187   195   214   234   245   255   177   111    88    57    35    34    21    15   3050
  Aug 7, 2009  Friday        11    14    13    46  137   183   155   166   207   201   198   232   191   251   237   215   141   111    82    72    44    33    24    15   2979

  Aug 8, 2009  Saturday       8     7    11    30   33    61    70   109   160   223   211   220   166   187   156   148   166    90    86    96    43    43    22    14   2360
  Aug 9, 2009  Sunday        11    13    14    18   20    26    47    82   121   169   248   254   283   331   367   301   298   247   210   185    88    60    20     8   3421

  Aug 10, 2009 Monday         3    11    20    74  186   224   171   230   184   185   231   202   213   226   255   260   181   113    86    71    48    40     9     9   3232
  Aug 11, 2009 Tuesday        9    16    16    62  160   201   139   163   199   193   195   202   187   193   246   260   175   111    94    82    55    42    21    10   3031
  Aug 12, 2009 Wednesday      8     8    20    49  148   208   181   172   187   197   189   190   193   211   283   256   188   134   111    85    78    28    16     9   3149
  Aug 13, 2009 Thursday      10    15    16    50  157   207   157   193   172   196   193   180   182   163   264   232   176   128   102    80    61    54    22    13   3023
  Aug 14, 2009 Friday        13    17    16    45  130   176   146   160   168   209   224   224   218   245   251   200   143   128    82    62    68    36    37    20   3018

  Aug 15, 2009 Saturday       9    10    16    19   39    70    75   109   173   206   210   204   197   198   202   150   133    98    99   131    78    46    30    23   2525
  Aug 16, 2009 Sunday        11     9     8    14   21    24    46    66   147   231   344   359   360   306   287   279   227   212   208   150   107    59    22    23   3520

  Aug 17, 2009 Monday        16    11    20    57  186   252   175   177   219   202   230   228   222   256   294   277   156   102    85    65    46    31    18     9   3334
  Aug 18, 2009 Tuesday       13     8    17    52  141   237   171   171   210   178   204   183   223   208   251   267   164    97    92    66    36    42    19     4   3054
  Aug 19, 2009 Wednesday     10    12    15    46  130   217   175   186   185   200   230   214   220   228   243   261   188   116    70    64    32    29    12    10   3093
* Aug 20, 2009 Thursday       3    11    15    42  147   223   175   186   185   233   228   203   236   265   258   266   183   131    82    71    37    39    20    11   3250
  Aug 21, 2009 Friday         7    10    21    38  125   207   154   167   236   263   241   251   241   313   292   261   228   118    78    73    46    51    31    13   3465

  Aug 22, 2009 Saturday      10     9     9    19   45    67    95   122   187   216   198   175   167   183   180   180   147    94    94   131    78    47    36    18   2507
  Aug 23, 2009 Sunday         9     9     9    16   24    35    41    92   138   179   231   237   255   301   337   371   378   359   324   216   104    48    19    13   3745

  Aug 24, 2009 Monday         5    13    26    63  173   276   210   185   187   209   236   205   234   228   236   223   186   111    73    44    39    24    15    12   3213
  Aug 25, 2009 Tuesday        6     8    13    62  134   282   166   145   184   181   190   186   217   268   247   233   170    94    68    61    49    23    17    12   3016
  Aug 26, 2009 Wednesday      9    10    11    41  137   277   185   203   201   211   190   205   192   189   272   319   179    94    72    64    35    22    14     2   3134
* Aug 27, 2009 Thursday       6    10    12    49  141   265   131   170   171   176   200   188   192   235   232   201   201    99    76    45    44    41    14     2   2901
* Aug 28, 2009 Friday         6    10    12    49  141   265   131   183   226   186   205   214   258   255   272   245   204   125    92    79    52    44    28     9   3291

  Aug 29, 2009 Saturday      15     3     8    30   35    55    76   117   175   203   178   161   171   193   196   159   156   142    94    96    58    36    23    13   2393
  Aug 30, 2009 Sunday         5     2     9    15   31    20    56    77   105   167   232   231   243   242   260   305   330   283   221   165    63    38    17    12   3129

* Aug 31, 2009 Monday         4     7    18    53  181   267   209   198   189   207   201   191   235   197   237   231   140    99    68    54    39    31    18    14   3088

AVERAGES FOR DAY GROUPINGS 1 am  2 am  3 am  4 am 5 am  6 am  7 am  8 am  9 am 10 am 11 am  Noon  1 pm  2 pm  3 pm  4 pm  5 pm  6 pm  7 pm  8 pm  9 pm 10 pm 11 pm 12 mid TOTAL

               Mondays        8    11    20    61  183   248   193   190   194   203   228   213   227   222   253   247   169   105    77    62    44    31    16     9   3212
               Tuesdays       9    10    14    56  148   233   163   157   190   185   189   193   212   214   250   247   171   102    84    67    47    32    19     9   2999
               Wednesdays     9    10    14    44  140   230   173   175   190   199   201   199   202   210   268   267   184   110    84    72    47    24    16     7   3072
               Thursdays      9    11    15    48  150   228   158   180   179   199   202   192   206   224   250   239   184   117    87    63    44    42    19    10   3056
               Fridays        9    13    16    45  133   208   147   169   209   215   217   230   227   266   263   230   179   121    84    72    53    41    30    14   3188

               Saturdays     11     7    11    25   38    63    79   114   174   212   199   190   175   190   184   159   151   106    93   114    64    43    28    17   2446
               Sundays        9     8    10    16   24    26    48    79   128   187   264   270   285   295   313   314   308   275   241   179    91    51    20    14   3454

  West         Weekday (Monday-Friday):   3105   Weekend (Saturday-Sunday):   2950   TOTAL Month (MADT):    3066

* - Day Contains Some or All Estimated Data Due to Missing Data or Malfunctions at the ATR.
                                                                                                                                           17:05 Thursday, January 21, 2010   3

                                                                    Minnesota Department of Transportation
                                                                 Continuous Count Station Edited Data for 2009


---------------------------------------------------------------------Station 31, Direction East, September --------------------------------------------------------------------
                        Hour Ending At:
    DATE         DAY       1 am  2 am  3 am  4 am 5 am  6 am  7 am  8 am  9 am 10 am 11 am  Noon  1 pm  2 pm  3 pm  4 pm  5 pm  6 pm  7 pm  8 pm  9 pm 10 pm 11 pm 12 mid TOTAL

  Sep 1, 2009  Tuesday       12     9    11    35   98   187   162   156   125   155   149   186   197   210   257   254   168   122   100    67    43    31    18    12   2764
  Sep 2, 2009  Wednesday     10     7    14    38  119   206   194   148   162   157   169   158   191   212   254   272   188   133   127    91    51    26    19     8   2954
  Sep 3, 2009  Thursday       8     7     9    47  103   206   152   153   129   155   166   210   205   227   309   293   164   171   117   110    46    27    33    14   3061
  Sep 4, 2009  Friday        11     8    14    30   88   191   177   163   190   204   250   230   266   318   371   411   263   190   151   150    64    70    44    24   3878

  Sep 5, 2009  Saturday      17    14    12    15   48    93   119   141   164   189   171   197   186   209   195   163   149   124   101   104    66   101   121    35   2734
  Sep 6, 2009  Sunday        21    14     6     8   11    33    59    89   114   136   144   168   169   184   181   160   147   114    88    56    39    23    16     6   1986

  Sep 7, 2009  Monday        11     1     8     9   27    38    68    80    91   114   116   132   139   154   153   167   130   102    89    64    30    19    13     9   1764
  Sep 8, 2009  Tuesday       12     9    11    35   98   187   162   156   125   155   149   186   197   210   257   254   168   122   100    67    43    31    18    12   2764
  Sep 9, 2009  Wednesday     10     7    14    38  119   206   194   148   162   157   169   158   191   212   254   272   188   133   127    91    51    26    19     8   2954
  Sep 10, 2009 Thursday       8     7     9    47  103   206   152   153   129   155   166   210   205   227   309   293   164   171   117   110    46    27    33    14   3061
  Sep 11, 2009 Friday        11     8    14    30   88   191   177   163   190   204   250   230   266   318   371   411   263   190   151   150    64    70    44    24   3878

  Sep 12, 2009 Saturday      17    14    12    15   48    93   119   141   164   189   171   197   186   209   195   163   149   124   101   104    66   101   121    35   2734
  Sep 13, 2009 Sunday        21    14     6     8   11    33    59    89   114   136   144   168   169   184   181   160   147   114    88    56    39    23    16     6   1986

  Sep 14, 2009 Monday         6     7    13    34   98   204   164   149   134   132   148   163   171   188   234   265   151   120    95    83    33    19    21    12   2644
  Sep 15, 2009 Tuesday        8     6    14    36  110   195   174   159   114   162   153   176   170   210   241   281   159   159   114   103    40    17    25    10   2836
  Sep 16, 2009 Wednesday      7     6    12    28   99   207   192   143   147   159   144   162   197   199   250   268   195   143   107    91    66    39    27    15   2903
  Sep 17, 2009 Thursday       9    14     9    51  114   199   176   167   130   137   160   177   189   250   266   312   199   132   129   104    67    37    24    18   3070
  Sep 18, 2009 Friday        18     8    13    40  109   198   170   137   191   181   216   264   277   343   370   376   246   162   164   139    94    74    37    31   3858

  Sep 19, 2009 Saturday      17    14    13    15   45    80   110   140   167   206   223   199   222   190   198   174   128   145   134    91    67    47    42    24   2691
  Sep 20, 2009 Sunday        14     9    11     5   17    34    61    95   117   146   151   171   172   183   190   200   156   118   104    73    35    20    19    12   2113

  Sep 21, 2009 Monday         5     5    18    35  100   214   172   155   135   128   161   181   187   206   280   244   163   136   116    58    46    28    20    12   2805
* Sep 22, 2009 Tuesday        6     7     8    33  117   218   189   174   124   131   181   187   171   221   262   287   208   121   144   103    40    36    21     9   2998
  Sep 23, 2009 Wednesday      9    12    16    32  114   214   204   167   167   168   160   182   191   201   262   287   208   121   144   103    40    36    21    11   3070
* Sep 24, 2009 Thursday      10    10    17    44  108   187   187   179   153   163   244   335   293   334   378   378   262   188   163   156    86    48    24    14   3961
  Sep 25, 2009 Friday        10    10    15    36  105   207   192   181   167   187   244   335   293   334   378   378   262   188   163   156    86    48    31    19   4025

  Sep 26, 2009 Saturday      16    14    15    27   68    91   152   170   169   154   203   194   181   223   178   179   151   157   107   107    91    45    35    25   2752
  Sep 27, 2009 Sunday        22     6     8     9   19    34    57    89   115   114   139   126   154   168   172   142   151   120    94    65    40    23    16    16   1899

  Sep 28, 2009 Monday         2     7    12    31  103   198   161   175   131   144   178   172   185   216   231   273   160   128   119    73    49    25     9    12   2794
  Sep 29, 2009 Tuesday       10     5    17    33  120   209   175   163   132   164   171   176   169   238   287   285   180   140    96    77    52    35    25    11   2970
  Sep 30, 2009 Wednesday     15    11    18    30  111   198   202   159   167   165   184   198   195   214   257   272   213   164   117   104    67    48    44    28   3181

AVERAGES FOR DAY GROUPINGS 1 am  2 am  3 am  4 am 5 am  6 am  7 am  8 am  9 am 10 am 11 am  Noon  1 pm  2 pm  3 pm  4 pm  5 pm  6 pm  7 pm  8 pm  9 pm 10 pm 11 pm 12 mid TOTAL

               Mondays        6     5    13    27   82   164   141   140   123   130   151   162   171   191   225   237   151   122   105    70    40    23    16    11   2502
               Tuesdays      10     7    12    34  109   199   172   162   124   153   161   182   181   218   261   272   177   133   111    83    44    30    21    11   2866
               Wednesdays    10     9    15    33  112   206   197   153   161   161   165   172   193   208   255   274   198   139   124    96    55    35    26    14   3012
               Thursdays      9    10    11    47  107   200   167   163   135   153   184   233   223   260   316   319   197   166   132   120    61    35    29    15   3288
               Fridays       13     9    14    34   98   197   179   161   185   194   240   265   276   328   373   394   259   183   157   149    77    66    39    25   3910

               Saturdays     17    14    13    18   52    89   125   148   166   185   192   197   194   208   192   170   144   138   111   102    73    74    80    30   2728
               Sundays       20    11     8     8   15    34    59    91   115   133   145   158   166   180   181   166   150   117    94    63    38    22    17    10   1996

  East         Weekday (Monday-Friday):   3116   Weekend (Saturday-Sunday):   2362   TOTAL Month (MADT):    2903

* - Day Contains Some or All Estimated Data Due to Missing Data or Malfunctions at the ATR.
                                                                                                                                           17:05 Thursday, January 21, 2010   4

                                                                    Minnesota Department of Transportation
                                                                 Continuous Count Station Edited Data for 2009


---------------------------------------------------------------------Station 31, Direction West, September --------------------------------------------------------------------
                        Hour Ending At:
    DATE         DAY       1 am  2 am  3 am  4 am 5 am  6 am  7 am  8 am  9 am 10 am 11 am  Noon  1 pm  2 pm  3 pm  4 pm  5 pm  6 pm  7 pm  8 pm  9 pm 10 pm 11 pm 12 mid TOTAL

  Sep 1, 2009  Tuesday        7    15    19    60  169   267   197   186   219   202   197   203   202   216   245   235   155    86    91    84    29    18    18    14   3134
  Sep 2, 2009  Wednesday      9     7    12    45  151   234   153   176   202   160   198   172   208   224   242   247   165   101    99    48    34    20    10     6   2923
  Sep 3, 2009  Thursday       8     9     9    47  136   235   173   179   187   175   168   150   207   226   276   238   197   123    67    55    29    28    13     7   2942
  Sep 4, 2009  Friday        10    12    17    37  132   202   174   164   206   192   192   181   208   251   285   285   193   146    86    67    45    57    32    19   3193

  Sep 5, 2009  Saturday      12     7    13    21   48    67    79   101   160   173   200   191   188   179   217   192   188   147   106    73    63    44    22    31   2522
  Sep 6, 2009  Sunday         7    10     8    14   23    29    45    78   134   183   212   205   219   218   237   278   217   222   162   129    62    32    14    10   2748

  Sep 7, 2009  Monday        11     9     8    15   26    29    39   108   148   240   306   355   387   403   459   448   395   349   251   173    90    58    18     8   4333
  Sep 8, 2009  Tuesday        7    15    19    60  169   267   197   186   219   202   197   203   202   216   245   235   155    86    91    84    29    18    18    14   3134
  Sep 9, 2009  Wednesday      9     7    12    45  151   234   153   176   202   160   198   172   208   224   242   247   165   101    99    48    34    20    10     6   2923
  Sep 10, 2009 Thursday       8     9     9    47  136   235   173   179   187   175   168   150   207   226   276   238   197   123    67    55    29    28    13     7   2942
  Sep 11, 2009 Friday        10    12    17    37  132   202   174   164   206   192   192   181   208   251   285   285   193   146    86    67    45    57    32    19   3193

  Sep 12, 2009 Saturday      12     7    13    21   48    67    79   101   160   173   200   191   188   179   217   192   188   147   106    73    63    44    22    31   2522
  Sep 13, 2009 Sunday         7    10     8    14   23    29    45    78   134   183   212   205   219   218   237   278   217   222   162   129    62    32    14    10   2748

  Sep 14, 2009 Monday         7    10    18    50  176   289   197   169   154   186   144   145   207   188   241   187   139   107    73    49    30    26    11    11   2814
  Sep 15, 2009 Tuesday        9     8    14    43  139   262   175   150   187   135   160   172   178   218   232   242   170   139   112    56    28    18     9    13   2869
  Sep 16, 2009 Wednesday      4     6    13    49  151   253   176   151   150   177   158   170   189   199   230   228   166   111    65    73    54    22    15    10   2820
  Sep 17, 2009 Thursday       4     8    17    36  141   249   160   152   213   177   163   152   190   226   227   218   161   106   100    68    42    32    11     8   2861
  Sep 18, 2009 Friday        11    10    14    32  123   227   148   136   204   149   190   177   196   256   265   261   180   155    89    51    54    33    42    18   3021

  Sep 19, 2009 Saturday      12    14    13    20   50    68    91   126   172   185   189   180   179   199   178   166   159   142   120    82    57    42    23    16   2483
  Sep 20, 2009 Sunday        13    12     7    12   25    33    55    83   123   203   243   248   242   266   312   284   236   231   161   115    68    39    11    12   3034

  Sep 21, 2009 Monday         9    11    19    61  177   291   169   158   199   170   181   161   182   198   277   227   148   116    69    55    28    19    20     7   2952
* Sep 22, 2009 Tuesday        7    12    14    51  160   249   180   164   178   159   177   190   195   192   258   240   179   128    82    60    33    24    14     3   2949
  Sep 23, 2009 Wednesday     11     9    17    43  157   224   192   171   160   184   178   158   212   212   258   240   179   128    82    60    33    24    13     8   2953
* Sep 24, 2009 Thursday       9    13    16    45  155   254   182   174   184   172   199   185   249   234   277   256   194   126   102    76    61    53    21     6   3243
  Sep 25, 2009 Friday        12     7    21    43  141   231   159   153   273   182   199   185   249   234   277   256   194   126   102    76    61    53    31    18   3283

  Sep 26, 2009 Saturday      14    11    16    16   43    74   120   143   175   205   184   182   190   191   194   205   167   136   128    74    54    33    22    17   2594
  Sep 27, 2009 Sunday         6     7     9    17   24    29    46    90   141   190   216   214   239   250   250   237   190   175   132   101    58    40    18     6   2685

  Sep 28, 2009 Monday         4     9    21    50  197   260   213   201   201   180   184   176   205   219   262   224   147   109    76    36    19    24    17     4   3038
  Sep 29, 2009 Tuesday       10    10    12    52  147   272   182   185   172   160   191   172   201   208   253   224   149   115   103    39    51    29    13    14   2964
  Sep 30, 2009 Wednesday     15    14    17    49  173   257   188   174   202   189   171   174   204   240   230   245   175   110    89    61    53    47    22    19   3118

AVERAGES FOR DAY GROUPINGS 1 am  2 am  3 am  4 am 5 am  6 am  7 am  8 am  9 am 10 am 11 am  Noon  1 pm  2 pm  3 pm  4 pm  5 pm  6 pm  7 pm  8 pm  9 pm 10 pm 11 pm 12 mid TOTAL

               Mondays        8    10    17    44  144   217   155   159   176   194   204   209   245   252   310   272   207   170   117    78    42    32    17     8   3284
               Tuesdays       8    12    16    53  157   263   186   174   195   172   184   188   196   210   247   235   162   111    96    65    34    21    14    12   3010
               Wednesdays    10     9    14    46  157   240   172   170   183   174   181   169   204   220   240   241   170   110    87    58    42    27    14    10   2947
               Thursdays      7    10    13    44  142   243   172   171   193   175   175   159   213   228   264   238   187   120    84    64    40    35    15     7   2997
               Fridays       11    10    17    37  132   216   164   154   222   179   193   181   215   248   278   272   190   143    91    65    51    50    34    19   3173

               Saturdays     13    10    14    20   47    69    92   118   167   184   193   186   186   187   202   189   176   143   115    76    59    41    22    24   2530
               Sundays        8    10     8    14   24    30    48    82   133   190   221   218   230   238   259   269   215   213   154   119    63    36    14    10   2804

  West         Weekday (Monday-Friday):   3082   Weekend (Saturday-Sunday):   2667   TOTAL Month (MADT):    2965

* - Day Contains Some or All Estimated Data Due to Missing Data or Malfunctions at the ATR.
                                                                                                                                           17:05 Thursday, January 21, 2010   5

                                                                    Minnesota Department of Transportation
                                                                 Continuous Count Station Edited Data for 2009


---------------------------------------------------------------------Station 31, Direction East, October ----------------------------------------------------------------------
                        Hour Ending At:
    DATE         DAY       1 am  2 am  3 am  4 am 5 am  6 am  7 am  8 am  9 am 10 am 11 am  Noon  1 pm  2 pm  3 pm  4 pm  5 pm  6 pm  7 pm  8 pm  9 pm 10 pm 11 pm 12 mid TOTAL

  Oct 1, 2009  Thursday      25    19    33    63  131   195   154   175   164   170   174   203   219   232   276   249   181   134   143    89    49    29    27    20   3154
  Oct 2, 2009  Friday        13     7    14    30  110   179   169   181   130   179   226   225   305   287   324   373   274   163   136   108    78    42    46    26   3625

  Oct 3, 2009  Saturday      12    13    14    24   47    68   105   118   141   154   204   236   214   216   197   203   188   177   125   114    84    42    42    17   2755
  Oct 4, 2009  Sunday        17    12    13    12   20    31    73    86   117   126   145   166   186   171   199   181   161   101   116    90    36    23    18    10   2110

  Oct 5, 2009  Monday         6     8    21    38   93   193   174   149   161   140   169   190   172   213   235   279   181   112    68    67    34    32    22    13   2770
  Oct 6, 2009  Tuesday        9    13    16    31  122   191   158   150   159   137   166   198   186   232   248   271   163   139   118    66    41    24    24    13   2875
  Oct 7, 2009  Wednesday     11     6    14    33  104   195   183   157   132   155   186   204   195   214   272   267   145   124   144    71    34    24    20    15   2905
  Oct 8, 2009  Thursday       6     5    15    31  113   205   168   156   146   140   175   205   215   239   300   296   214   163   143   120    70    44    43    37   3249
  Oct 9, 2009  Friday        30    22    35    47  118   184   180   175   209   193   205   248   294   307   318   313   239   175   131   137   137    68    61    39   3865

  Oct 10, 2009 Saturday      35    34    28    43   69    94   100   120   124   161   155   163   216   222   185   177   156   130   118   135    87    59    49    20   2680
  Oct 11, 2009 Sunday        16     7    10     5   18    33    61    85   113   152   147   172   175   206   212   186   167   117    96    75    61    58    43    31   2246

  Oct 12, 2009 Monday        32    31    45    58  118   199   187   141   143   135   169   161   189   232   296   298   186   157   122    97    78    58    45    46   3223
  Oct 13, 2009 Tuesday       38    24    26    37   85   169   154   137   138   142   160   181   164   191   293   257   177   137   111    75    46    22    19    15   2798
  Oct 14, 2009 Wednesday     11     5    17    29   85   222   176   150   133   149   172   188   195   209   250   281   166   122   111    72    53    21    27    11   2855
  Oct 15, 2009 Thursday       7     5    14    34   90   143   141   144   136   170   170   190   217   210   267   261   178   158   113   112    64    40    44    20   2928
  Oct 16, 2009 Friday        13    12    19    25   77   174   146   151   167   162   180   235   257   247   320   296   210   168   136   131   151    79    47    26   3429

  Oct 17, 2009 Saturday      19    11    13    17   45    53    88   104   120   160   169   150   180   192   181   223   180   143   106    90   157    60    49    20   2530
  Oct 18, 2009 Sunday        18    11    15    15   17    36    64    97   108   150   163   190   173   178   179   186   165   122    75    73    36    44    33    27   2175

  Oct 19, 2009 Monday        23    21    39    51  120   192   171   156   168   171   168   177   197   223   239   252   192   135   107   102    64    61    42    36   3107
  Oct 20, 2009 Tuesday       36    14    17    42  126   178   162   155   165   156   154   146   151   192   251   315   153    91    95    73    43    30    21     9   2775
  Oct 21, 2009 Wednesday     11     7    18    33   90   181   166   119   115   145   157   189   184   210   239   261   179   112   121    93    50    31    19    13   2743
  Oct 22, 2009 Thursday      13    10    11    44   91   189   172   158   159   164   156   190   186   223   268   282   183   131   114   106    56    48    28    29   3011
  Oct 23, 2009 Friday        22     8     7    37   85   189   172   171   180   199   206   238   262   340   320   303   223   175   145   124   131    92    74    31   3734

  Oct 24, 2009 Saturday      32    21    17    32   62    94   108   130   145   162   165   178   174   200   198   182   157   142   122   126    87    67    37    18   2656
  Oct 25, 2009 Sunday        14     5    10     7   13    30    70    59    88   117   113   159   152   191   174   169   147   136    60    77    27    28    20    11   1877

  Oct 26, 2009 Monday        12     5    11    47   99   190   186   144   146   150   152   184   185   215   239   286   172   144   101    83    46    56    36    19   2908
  Oct 27, 2009 Tuesday       22    18    20    52  115   203   201   159   140   159   176   162   183   211   240   290   189   141   133   110    62    64    48    33   3131
  Oct 28, 2009 Wednesday     37    31    30    58  121   221   228   151   149   150   179   188   199   227   253   306   217   145   139    95    86    60    47    16   3333
  Oct 29, 2009 Thursday       7    10     9    33   96   157   139   168   132   169   179   194   197   206   234   276   162   144   116   116    44    29    28    15   2860
  Oct 30, 2009 Friday        14     6    15    23   79   163   127   128   134   135   176   231   217   219   282   234   191   146   126    97    66    57    43    13   2922

  Oct 31, 2009 Saturday      26     9    11    11   41    59    67    90    91   127   151   171   179   178   179   152   141   116    93    86    62    39    30    33   2142

AVERAGES FOR DAY GROUPINGS 1 am  2 am  3 am  4 am 5 am  6 am  7 am  8 am  9 am 10 am 11 am  Noon  1 pm  2 pm  3 pm  4 pm  5 pm  6 pm  7 pm  8 pm  9 pm 10 pm 11 pm 12 mid TOTAL

               Mondays       18    16    29    49  108   194   180   148   155   149   165   178   186   221   252   279   183   137   100    87    56    52    36    29   3002
               Tuesdays      26    17    20    41  112   185   169   150   151   149   164   172   171   207   258   283   171   127   114    81    48    35    28    18   2895
               Wednesdays    18    12    20    38  100   205   188   144   132   150   174   192   193   215   254   279   177   126   129    83    56    34    28    14   2959
               Thursdays     15    10    16    51  104   178   194   160   147   203   171   196   259   222   269   341   184   146   157   109    57    48    34    24   3040
               Fridays       18    11    18    32   94   178   159   161   164   174   199   235   267   280   313   304   227   165   135   119   113    68    54    27   3515

               Saturdays     25    18    17    25   53    74    94   112   124   153   169   180   193   202   188   187   164   142   113   110    95    53    41    22   2553
               Sundays       16     9    12    10   17    33    67    82   107   136   142   172   172   187   191   181   160   119    87    79    40    38    29    20   2102

  East         Weekday (Monday-Friday):   3082   Weekend (Saturday-Sunday):   2328   TOTAL Month (MADT):    2883

* - Day Contains Some or All Estimated Data Due to Missing Data or Malfunctions at the ATR.
                                                                                                                                           17:05 Thursday, January 21, 2010   6

                                                                    Minnesota Department of Transportation
                                                                 Continuous Count Station Edited Data for 2009


---------------------------------------------------------------------Station 31, Direction West, October ----------------------------------------------------------------------
                        Hour Ending At:
    DATE         DAY       1 am  2 am  3 am  4 am 5 am  6 am  7 am  8 am  9 am 10 am 11 am  Noon  1 pm  2 pm  3 pm  4 pm  5 pm  6 pm  7 pm  8 pm  9 pm 10 pm 11 pm 12 mid TOTAL

  Oct 1, 2009  Thursday      28    32    26    62  152   261   196   184   170   167   216   174   198   243   258   235   150    82    53    55    41    30     9     8   3030
  Oct 2, 2009  Friday         9    11    10    33  116   236   176   153   200   241   219   251   221   301   261   234   179   109   163    86    54    49    29    21   3362

  Oct 3, 2009  Saturday      15    14    17    23   38    67    94   201   178   228   241   218   215   199   192   175   136   106    79    67    36    45    19    16   2619
  Oct 4, 2009  Sunday        15     9     8    15   20    34    37    75   118   187   204   187   221   242   242   233   169   140   116    98    47    37    15    10   2479

  Oct 5, 2009  Monday         6    12    21    50  155   277   189   178   186   149   166   172   185   185   265   208   130    82    52    38    19    40    15    13   2793
  Oct 6, 2009  Tuesday       11    14    13    45  140   259   177   167   175   174   189   158   168   204   238   201   137   102    69    51    29    26    20    14   2781
  Oct 7, 2009  Wednesday      7    10    15    48  138   237   174   173   198   182   178   172   214   184   247   218   121    90    68    44    26    30    19     4   2797
  Oct 8, 2009  Thursday      11    15    13    42  135   277   173   194   160   172   158   196   209   214   268   231   200   146   103    65    56    36    34    28   3136
  Oct 9, 2009  Friday        24    28    27    54  137   251   184   170   212   193   189   207   210   284   279   265   215   152    98    76    67    71    49    32   3474

  Oct 10, 2009 Saturday      31    31    32    33   58    93   111   140   181   201   217   196   202   175   204   169   160    87    85    57    44    30    19    13   2569
  Oct 11, 2009 Sunday        10     8     9    12   23    26    34    65   101   156   186   202   233   257   230   221   199   165   139   115    63    52    41    35   2582

  Oct 12, 2009 Monday        29    38    53    69  162   316   241   200   191   199   186   159   203   200   257   236   160   116    98    81    49    51    49    37   3380
  Oct 13, 2009 Tuesday       34    39    32    47  129   237   183   142   204   176   178   157   162   206   213   246   140    79    65    49    40    23    21    11   2813
  Oct 14, 2009 Wednesday      5    10    12    55  139   251   201   150   205   180   175   192   188   199   262   208   154    93    72    34    24    29    14     8   2860
  Oct 15, 2009 Thursday       3    13    12    39  134   204   164   157   181   192   200   197   223   230   262   226   178    93    57    51    43    35    13    13   2920
  Oct 16, 2009 Friday         8    14    11    34  113   198   142   158   172   237   240   235   249   218   266   261   213   109    85    53    39    37    25    18   3135

  Oct 17, 2009 Saturday      10    14     7    23   42    51    85   139   174   177   196   173   189   218   206   189   137    92    75    63    34    32    19    14   2359
  Oct 18, 2009 Sunday        12     8    11    12   30    37    48    66   110   138   180   167   171   191   196   209   174   157   134    76    57    42    33    29   2288

  Oct 19, 2009 Monday        18    29    33    66  156   285   221   179   203   163   193   179   198   221   240   242   172   119   110    74    49    49    34    30   3263
  Oct 20, 2009 Tuesday       35    45    20    51  123   252   172   154   167   174   175   170   199   214   243   216   132    69    45    71    22    19    11     5   2784
  Oct 21, 2009 Wednesday      3    15    13    52  134   233   182   148   153   196   183   161   157   182   214   242   155    82    58    35    31    20    17    14   2680
  Oct 22, 2009 Thursday       6     6    10    41  127   235   164   163   179   180   173   149   207   194   218   201   163   130    98    51    44    39    22    16   2816
  Oct 23, 2009 Friday         8     8    14    36  117   228   177   149   209   187   202   206   235   258   274   278   218   131    99    88    67    56    46    29   3320

  Oct 24, 2009 Saturday      21    22    23    28   60    77    87   142   178   182   176   152   185   183   203   165   169   136    93    74    55    40    16    10   2477
  Oct 25, 2009 Sunday         9    10    11    16   31    21    46    63    89   165   173   154   176   187   214   192   184   128   110    82    54    21    15    12   2163

  Oct 26, 2009 Monday        12    18    19    54  165   266   207   172   174   174   182   153   177   207   221   241   166   105    75    59    38    42    33    15   2975
  Oct 27, 2009 Tuesday       21    14    23    64  136   265   174   164   175   178   167   169   213   227   253   256   181   108    84    76    53    60    56    41   3158
  Oct 28, 2009 Wednesday     30    35    32    61  182   267   199   186   181   190   183   185   215   223   233   255   169   111    95    82    65    49    35    25   3288
  Oct 29, 2009 Thursday      13    12    14    38  133   233   172   162   167   162   175   158   186   213   278   212   134    94    57    50    14    32    14    10   2733
  Oct 30, 2009 Friday        10    11     9    33  117   200   166   145   179   154   150   152   194   228   233   200   172    96    70    67    51    34    29    15   2715

  Oct 31, 2009 Saturday      18     8    13    16   24    54    56   114   165   202   167   211   196   170   137   120   120    83    68    80    48    43    25    17   2155

AVERAGES FOR DAY GROUPINGS 1 am  2 am  3 am  4 am 5 am  6 am  7 am  8 am  9 am 10 am 11 am  Noon  1 pm  2 pm  3 pm  4 pm  5 pm  6 pm  7 pm  8 pm  9 pm 10 pm 11 pm 12 mid TOTAL

               Mondays       16    24    32    60  160   286   215   182   189   171   182   166   191   203   246   232   157   106    84    63    39    46    33    24   3103
               Tuesdays      25    28    22    52  132   253   177   157   180   176   177   164   186   213   237   230   148    90    66    62    36    32    27    18   2884
               Wednesdays    11    18    18    54  148   247   189   164   184   187   180   178   194   197   239   231   150    94    73    49    37    32    21    13   2906
               Thursdays     15    16    15    56  136   242   217   172   171   218   184   175   256   219   257   276   165   109    92    54    40    43    18    15   2927
               Fridays       12    14    14    38  120   223   169   155   194   202   200   210   222   258   263   248   199   119   103    74    56    49    36    23   3201

               Saturdays     19    18    18    25   44    68    87   147   175   198   199   190   197   189   188   164   144   101    80    68    43    38    20    14   2436
               Sundays       12     9    10    14   26    30    41    67   105   162   186   178   200   219   221   214   182   148   125    93    55    38    26    22   2378

  West         Weekday (Monday-Friday):   3004   Weekend (Saturday-Sunday):   2407   TOTAL Month (MADT):    2836

* - Day Contains Some or All Estimated Data Due to Missing Data or Malfunctions at the ATR.
                                                                                                                                           17:05 Thursday, January 21, 2010   7

                                                                    Minnesota Department of Transportation
                                                                 Continuous Count Station Edited Data for 2009


---------------------------------------------------------------------Station 31, Direction East, November ---------------------------------------------------------------------
                        Hour Ending At:
    DATE         DAY       1 am  2 am  3 am  4 am 5 am  6 am  7 am  8 am  9 am 10 am 11 am  Noon  1 pm  2 pm  3 pm  4 pm  5 pm  6 pm  7 pm  8 pm  9 pm 10 pm 11 pm 12 mid TOTAL

  Nov 1, 2009  Sunday        20    35     8     6   19    33    55    84   101   105   164   145   156   160   142   134   128   103    53    53    36    20    16     7   1783

  Nov 2, 2009  Monday         4     7   103    14   32   229   156   129   117   108   134   180   183   176   229   283   152   122   137    44    30    34    11     9   2623
  Nov 3, 2009  Tuesday        5     8   101     9   33   196   157   145   147   136   160   177   205   202   288   259   148   106   105    79    40    21    15     9   2751
  Nov 4, 2009  Wednesday      7     4    95    10   31   209   176   143   131   159   148   159   197   190   244   291   129   131   111   136    66    31    22    12   2832
  Nov 5, 2009  Thursday       7    12   106    17   45   192   172   155   141   135   162   172   191   230   258   309   200   163   118    80    55    32    29    18   2999
  Nov 6, 2009  Friday        15     9    90    15   36   189   171   160   186   181   234   263   266   345   343   335   207   173   238   160   121    93    45    22   3897

  Nov 7, 2009  Saturday      16    10    57    21   39    57    91   112   118   119   159   153   167   182   168   181   165   132   111    94    55    40    31    19   2297
  Nov 8, 2009  Sunday        15    10    16    14   18    43    46    59    91    96   104   117   157   177   171   162   134   107    77    67    33    25    21     8   1768

  Nov 9, 2009  Monday         8     4    82    18   22   194   142   125   128   127   135   148   172   183   226   260   154   100    83    68    37    22    24    14   2476
  Nov 10, 2009 Tuesday        7     5    85    10   38   192   150   137   139   156   158   136   186   207   234   254   155   123   110    71    41    27    20    10   2651
  Nov 11, 2009 Wednesday     19     8    87    14   33   180   147   139   161   140   147   163   176   213   211   245   158   119   104    78    44    31    19    16   2652
  Nov 12, 2009 Thursday      15     7    98    21   41   210   136   159   156   173   145   164   185   193   268   280   187   139    99    97    54    25    32    15   2899
  Nov 13, 2009 Friday        12    12    99    22   40   173   155   123   128   154   214   214   258   271   263   281   208   163   149   126   132     0    36    25   3258

  Nov 14, 2009 Saturday      14    10    49    13   23    50    70    85   103   143   104   134   166   151   169   162   154   123   105    97   133    53    35    19   2165
  Nov 15, 2009 Sunday        16     9    18     8   12    31    69    63    84   104    88   114   132   172   132   163   138   168   132    99    39    30    25     9   1855

  Nov 16, 2009 Monday         8     3    72    14   29   185   136   136   129   111   146   149   169   179   239   262   148   104    89    75    44    22    24    12   2485
  Nov 17, 2009 Tuesday        6     6    84     9   27   166   152   118   117   140   144   167   155   188   225   263   158   110    85    83    39    20    16     7   2485
  Nov 18, 2009 Wednesday     12    10    84     6   25   183   172    96   133   134   131   162   173   208   234   257   183   120   100   113    45    43    18    12   2654
  Nov 19, 2009 Thursday       8    10    87    11   25   183   139   133   120   118   120   160   161   224   250   280   196   118   118    97    43    29    23    23   2676
  Nov 20, 2009 Friday        32    16    87    12   29   164   143   132   144   140   183   191   253   244   265   278   175   152   127   114    94    49    54    23   3101

  Nov 21, 2009 Saturday      20    13    49    11   19    50    67    92   126   109   137   160   163   178   188   161   162   144   110   114    99    46    32    28   2278
  Nov 22, 2009 Sunday        20     9    14     4    7    25    48    55    77   103   109   125   134   152   174   153   147   112    97    82    42    34    12     8   1743

  Nov 23, 2009 Monday         8     5    73    14   33   169   154   123   111   108   148   146   167   196   259   262   162    84    78    87    47    22    16    14   2486
  Nov 24, 2009 Tuesday       13     6    83     9   26   160   164   148   105   137   187   196   181   192   237   302   160   115   123   115    50    33    23    15   2780
  Nov 25, 2009 Wednesday      7     5    75    14   21   186   155   128   154   158   213   221   224   304   335   347   231   164   136   101    74    50    34    21   3358
  Nov 26, 2009 Thursday      17    11    15     5    8    35    64   130   174   187   146    95   106   112   108    96    93   114    67    66    51    19    18     7   1744
  Nov 27, 2009 Friday        13    12    35    12   14    83   110   130   170   176   207   240   212   232   229   223   179   134   128   113   178    44    34    17   2925

  Nov 28, 2009 Saturday      15    11    26    15   12    43    67    78    92   111   142   142   140   140   178   135   138   147    91    99   142    61    35    22   2082
  Nov 29, 2009 Sunday        22    15    19    10    7    23    60    54    80   104   117   170   184   174   160   153   139    99    71    63    33    21    13    13   1804

* Nov 30, 2009 Monday        10     8    85    14   30   202   146   133   136   137   154   156   174   205   249   262   151   106    96    72    45    26    24    12   2633

AVERAGES FOR DAY GROUPINGS 1 am  2 am  3 am  4 am 5 am  6 am  7 am  8 am  9 am 10 am 11 am  Noon  1 pm  2 pm  3 pm  4 pm  5 pm  6 pm  7 pm  8 pm  9 pm 10 pm 11 pm 12 mid TOTAL

               Mondays        8     5    83    15   29   196   147   129   124   118   143   156   173   188   240   266   153   103    97    69    41    25    20    12   2541
               Tuesdays       8     6    88     9   31   179   156   137   127   142   162   169   182   197   246   270   155   114   106    87    43    25    19    10   2667
               Wednesdays    11     7    85    11   28   190   163   127   145   148   160   176   193   229   256   285   175   134   113   107    57    39    23    15   2874
               Thursdays      9    10    77    11   30   155   102   144   148   123   143   148   129   190   221   193   169   134    80    85    51    21    26    16   2580
               Fridays       18    12    78    15   30   152   145   136   157   163   210   227   247   273   275   279   192   156   161   128   131    47    42    22   3295

               Saturdays     16    11    45    15   23    50    74    92   110   121   136   147   159   163   176   160   155   137   104   101   107    50    33    22   2206
               Sundays       19    16    15     8   13    31    56    63    87   102   116   134   153   167   156   153   137   118    86    73    37    26    17     9   1791

  East         Weekday (Monday-Friday):   2791   Weekend (Saturday-Sunday):   1999   TOTAL Month (MADT):    2538

* - Day Contains Some or All Estimated Data Due to Missing Data or Malfunctions at the ATR.
                                                                                                                                           17:05 Thursday, January 21, 2010   8

                                                                    Minnesota Department of Transportation
                                                                 Continuous Count Station Edited Data for 2009


---------------------------------------------------------------------Station 31, Direction West, November ---------------------------------------------------------------------
                        Hour Ending At:
    DATE         DAY       1 am  2 am  3 am  4 am 5 am  6 am  7 am  8 am  9 am 10 am 11 am  Noon  1 pm  2 pm  3 pm  4 pm  5 pm  6 pm  7 pm  8 pm  9 pm 10 pm 11 pm 12 mid TOTAL

  Nov 1, 2009  Sunday        16    25     8     8   16    32    45    79   109   157   159   184   162   154   134   137   109    92    87    53    34    23    11     7   1841

  Nov 2, 2009  Monday         7    11   170    12   54   257   193   170   159   149   161   143   180   194   217   210   157    65    56    38    32    25    14     4   2678
  Nov 3, 2009  Tuesday        4    13   140    10   50   255   172   150   173   160   185   144   120   198   227   226   139    65    46    30    24    25    12     9   2577
  Nov 4, 2009  Wednesday     11     9   145    10   38   241   175   162   166   165   157   194   187   202   241   261   158    66    65    56    34    17    12     7   2779
  Nov 5, 2009  Thursday      11    15   157    11   37   279   150   171   153   189   178   179   175   240   241   226   149    96    72    46    28    28    14    12   2857
  Nov 6, 2009  Friday         9     9   129    15   37   219   179   153   179   232   223   193   214   232   320   242   164   113    80    70    36    34    26    16   3124

  Nov 7, 2009  Saturday      15     4    46    13   16    65   113   125   170   161   142   168   154   170   150   144   122    91    69    49    33    32    22     9   2083
  Nov 8, 2009  Sunday        12     3    27     8   10    29    38    57   111   155   181   169   160   208   215   183   159   141   116    92    48    43    18     5   2188

  Nov 9, 2009  Monday         6     8   137    18   47   237   172   168   189   187   153   169   171   196   211   209   140    74    66    49    30    24    10     5   2676
  Nov 10, 2009 Tuesday       11    11   137    16   44   264   151   168   158   160   174   147   149   216   225   203   134    80    51    46    35    25     7     5   2617
  Nov 11, 2009 Wednesday      6    11   118    17   43   186   144   169   171   166   153   149   173   202   219   217   155   108    62    41    36    26    17     7   2596
  Nov 12, 2009 Thursday       9     9   141    12   40   239   177   178   193   150   148   193   167   220   221   217   136    86    78    47    45    44    26     6   2782
  Nov 13, 2009 Friday         7     6   131     9   31   192   145   176   179   182   203   188   198   257   281   244   200   107    70    74    30     0    37    14   2961

  Nov 14, 2009 Saturday       8    10    37    15   22    48    79   125   162   205   193   147   161   146   160   138   167   112    52    51    36    29    18    14   2135
  Nov 15, 2009 Sunday         6     5    22    14   17    30    43    61   104   158   189   192   218   230   152   185   131   115    90    77    50    28    13     1   2131

  Nov 16, 2009 Monday         8    12   145    20   45   246   193   163   180   187   169   146   174   179   213   191   135    68    56    42    30    19     5    14   2640
  Nov 17, 2009 Tuesday        5    11   113    16   41   236   182   178   156   159   161   124   157   170   202   196   146    69    47    31    14    29    18     5   2466
  Nov 18, 2009 Wednesday      8    12   133    17   33   226   175   153   175   136   159   148   163   209   227   219   164    74    56    32    33    17    15     4   2588
  Nov 19, 2009 Thursday       7     6   117    12   41   245   147   168   160   178   137   137   165   177   212   229   145    87    64    36    37    23    14     6   2550
  Nov 20, 2009 Friday         9    10   110    18   40   198   155   148   182   150   163   178   180   205   275   229   168   123    79    61    38    37    32    11   2799

  Nov 21, 2009 Saturday       5     8    46    11   10    48    84   121   171   177   176   172   161   176   189   149   139    86    52    57    53    27    21    15   2154
  Nov 22, 2009 Sunday        10     7    27    12    8    29    39    60    95   142   188   134   164   194   195   165   166   114    72    72    45    37    17     5   1997

  Nov 23, 2009 Monday         6     8   138    17   45   246   187   177   160   129   148   167   166   151   233   182   133    78    74    46    31    32    10     3   2567
  Nov 24, 2009 Tuesday        4     9   118    12   38   236   162   148   166   152   167   151   158   193   243   210   139    78    58    46    24    35    16    10   2573
  Nov 25, 2009 Wednesday      3    12   122     9   44   204   160   148   154   164   137   162   196   223   250   224   169   103    71    52    43    27    22    13   2712
  Nov 26, 2009 Thursday       7     9    17     8    9    40    38    51   127   164   179   106    70    83   124   127   138   139   124    89    66    46    23    15   1799
  Nov 27, 2009 Friday        18    60   164    79   90   153   146   202   196   194   198   210   230   199   170   148   128    83    64    54    39    33    14    15   2887

  Nov 28, 2009 Saturday       5    11    27    12   12    54    59   106   137   169   191   184   170   199   149   159   126    82    63    58    40    29    16     9   2067
  Nov 29, 2009 Sunday        10    12    25     7   11    28    37    54    88   156   209   181   204   183   203   154   146   136   113    83    53    39    16     9   2157

* Nov 30, 2009 Monday         7    10   138    17   46   256   186   190   189   171   176   163   167   192   223   236   154    63    61    56    36    21     5    14   2777

AVERAGES FOR DAY GROUPINGS 1 am  2 am  3 am  4 am 5 am  6 am  7 am  8 am  9 am 10 am 11 am  Noon  1 pm  2 pm  3 pm  4 pm  5 pm  6 pm  7 pm  8 pm  9 pm 10 pm 11 pm 12 mid TOTAL

               Mondays        7    10   146    17   47   248   186   174   175   165   161   158   172   182   219   206   144    70    63    46    32    24     9     8   2668
               Tuesdays       6    11   127    14   43   248   167   161   163   158   172   142   146   194   224   209   140    73    51    38    24    29    13     7   2558
               Wednesdays     7    11   130    13   40   214   164   158   167   158   152   163   180   209   234   230   162    88    64    45    37    22    17     8   2669
               Thursdays      7    10   108     9   32   201   102   142   158   136   161   154   115   180   200   160   142   102    68    55    44    28    19    10   2497
               Fridays       11    21   134    30   50   191   156   170   184   190   197   192   206   223   262   216   165   107    73    65    36    26    27    14   2943

               Saturdays      8     8    39    13   15    54    84   119   160   178   176   168   162   173   162   148   139    93    59    54    41    29    19    12   2110
               Sundays       11    10    22    10   12    30    40    62   101   154   185   172   182   194   180   165   142   120    96    75    46    34    15     5   2063

  West         Weekday (Monday-Friday):   2667   Weekend (Saturday-Sunday):   2087   TOTAL Month (MADT):    2492

* - Day Contains Some or All Estimated Data Due to Missing Data or Malfunctions at the ATR.
                                                                                                                                           17:05 Thursday, January 21, 2010   9

                                                                    Minnesota Department of Transportation
                                                                 Continuous Count Station Edited Data for 2009


---------------------------------------------------------------------Station 31, Direction East, December ---------------------------------------------------------------------
                        Hour Ending At:
    DATE         DAY       1 am  2 am  3 am  4 am 5 am  6 am  7 am  8 am  9 am 10 am 11 am  Noon  1 pm  2 pm  3 pm  4 pm  5 pm  6 pm  7 pm  8 pm  9 pm 10 pm 11 pm 12 mid TOTAL

* Dec 1, 2009  Tuesday        6     6    84     9   27   166   152   118   117   140   144   167   155   188   225   263   158   110    85    83    39    20    16     7   2485
* Dec 2, 2009  Wednesday     12    10    84     6   25   183   172    96   133   134   131   162   173   208   234   257   183   120   100   113    45    43    18    12   2654
* Dec 3, 2009  Thursday       8    10    87    11   25   183   139   133   120   118   120   160   161   224   250   280   196   118   118    97    43    29    23    23   2676
* Dec 4, 2009  Friday        32    16    87    12   29   164   143   132   144   140   183   191   253   244   265   278   175   152   127   114    94    49    54    23   3101

* Dec 5, 2009  Saturday      20    13    49    11   19    50    67    92   126   109   137   160   163   178   188   161   162   144   110   114    99    46    32    28   2278
* Dec 6, 2009  Sunday        20     9    14     4    7    25    48    55    77   103   109   125   134   152   174   153   147   112    97    82    42    34    12     8   1743

  Dec 7, 2009  Monday        10     5   113    14   47   237   178   162   164   145   158   136   150   200   206   200   138    75    60    25    27    15    11     6   2482
  Dec 8, 2009  Tuesday        4    11   119    11   35   227   186   143   150   141   138   153   151   162   237   224   104    64    47    48    34    24    12     5   2430
  Dec 9, 2009  Wednesday      5    11   107    10   34   244   173   174   141   142   150   141   160   158   214   216   122    59    55    35    25    17     9     5   2407
  Dec 10, 2009 Thursday       6    12   115     9   22   237   178   136   144   171   147   135   170   188   220   230   157    72    59    42    19    21    11     6   2507
  Dec 11, 2009 Friday         8    12    96     9   27   201   164   139   170   160   139   195   207   222   245   245   200   100    68    48    45    37    25    14   2776

  Dec 12, 2009 Saturday      11     7    29    10   14    56    95   169   244   248   218   166   178   166   173   158   134    94    66    64    30    18    13     9   2370
  Dec 13, 2009 Sunday        10     7    19     8   12    21    51    71   106   148   168   182   144   116   167   122    93    86    61    64    30    20     7     8   1721

  Dec 14, 2009 Monday         4    11   105    16   48   220   160   153   169   163   156   149   151   173   216   187   151    71    51    32    28    21    10     5   2450
  Dec 15, 2009 Tuesday        7    16   101    11   37   217   172   151   149   158   141   153   145   140   222   215   155    64    62    73    28    17    13    11   2458
  Dec 16, 2009 Wednesday     10    11   108    10   38   221   185   165   214   157   152   179   166   179   211   220   147    65    48    35    18    23    17    10   2589
  Dec 17, 2009 Thursday       3    10   110    11   39   223   193   147   169   160   166   141   165   186   247   239   128    78    47    41    37    27    15    10   2592
  Dec 18, 2009 Friday         6     8    91    13   23   198   187   184   201   173   163   173   185   199   235   281   196   109    89    51    39    34    25     9   2872

  Dec 19, 2009 Saturday       8    10    39    11   16    45   107   181   207   290   234   210   185   204   177   169   148    69    53    35    27    31    27    14   2497
  Dec 20, 2009 Sunday        10     8    28    10   16    23    43    56    80   138   196   186   169   176   150   102    91    71    67    42    39    21    17     3   1742

  Dec 21, 2009 Monday         9    10   111     9   44   201   165   158   210   187   191   198   164   189   246   190   134    65    34    40    26    20    17     8   2626
  Dec 22, 2009 Tuesday        4    12   109    12   40   209   163   151   165   176   182   185   192   201   238   208   174    83    57    46    42    22    11     7   2689
  Dec 23, 2009 Wednesday     10    11    98     8   39   188   139   141   221   219   224   208   185   194   213   178   154    99    68    45    54    28     9     9   2742
  Dec 24, 2009 Thursday       6     4    46     6   16    68    51    66    87    91    98    97    87    79    82    64    33    27    40    52    40    39    16     3   1198
  Dec 25, 2009 Friday         2     3     7     0    0     9     7    14    20    25    31    21    20    21    20    10    22    11    14    14    10     0     4     1    286

  Dec 26, 2009 Saturday       2     0    22     1    0     8    19    20    34    50    75   103    96   116    81    82    62    35    43    23    25    21     8     8    934
  Dec 27, 2009 Sunday         7     7    14     5   17    19    34    60    97   155   194   190   189   182   190   133   116    86    64    52    33    27    11     4   1886

  Dec 28, 2009 Monday         3     7    93    15   38   167   137   132   155   191   174   170   192   159   192   160   115    65    90    48    21    28    12     8   2372
  Dec 29, 2009 Tuesday        9     9    82    15   32   175   124   117   166   170   171   147   152   155   170   184   130    64    53    44    29    20    12     7   2237
  Dec 30, 2009 Wednesday      4     8   100     7   33   166   127   113   149   195   193   146   148   173   192   163   116    58    56    34    35    28    12     5   2261
  Dec 31, 2009 Thursday       9    11    79    10   20   142   108   122   136   167   157   173   198   169   169   156    99    87    54    56    33    35    16    14   2220

AVERAGES FOR DAY GROUPINGS 1 am  2 am  3 am  4 am 5 am  6 am  7 am  8 am  9 am 10 am 11 am  Noon  1 pm  2 pm  3 pm  4 pm  5 pm  6 pm  7 pm  8 pm  9 pm 10 pm 11 pm 12 mid TOTAL

               Mondays        7     8   106    14   44   206   160   151   175   172   170   163   164   180   215   184   135    69    59    36    26    21    13     7   2483
               Tuesdays       6    11    99    12   34   199   159   136   149   157   155   161   159   169   218   219   144    77    61    59    34    21    13     7   2460
               Wednesdays     8    10    99     8   34   200   159   138   172   169   170   167   166   182   213   207   144    80    65    52    35    28    13     8   2531
               Thursdays      8     9    87    12   24   171   167   121   131   177   138   141   195   169   194   242   123    76    80    58    34    38    16    11   2239
               Fridays       12    10    70     9   20   143   125   117   134   125   129   145   166   172   191   204   148    93    75    57    47    30    27    12   2259

               Saturdays     10     8    35     8   12    40    72   116   153   174   166   160   156   166   155   143   127    86    68    59    45    29    20    15   2020
               Sundays       12     8    19     7   13    22    44    61    90   136   167   171   159   157   170   128   112    89    72    60    36    26    12     6   1773

  East         Weekday (Monday-Friday):   2394   Weekend (Saturday-Sunday):   1897   TOTAL Month (MADT):    2267

* - Day Contains Some or All Estimated Data Due to Missing Data or Malfunctions at the ATR.
                                                                                                                                           17:05 Thursday, January 21, 2010  10

                                                                    Minnesota Department of Transportation
                                                                 Continuous Count Station Edited Data for 2009


---------------------------------------------------------------------Station 31, Direction West, December ---------------------------------------------------------------------
                        Hour Ending At:
    DATE         DAY       1 am  2 am  3 am  4 am 5 am  6 am  7 am  8 am  9 am 10 am 11 am  Noon  1 pm  2 pm  3 pm  4 pm  5 pm  6 pm  7 pm  8 pm  9 pm 10 pm 11 pm 12 mid TOTAL

* Dec 1, 2009  Tuesday        5    11   113    16   41   236   182   178   156   166   165   131   131   181   217   202   112    52    50    33    17    34    10    11   2450
  Dec 2, 2009  Wednesday      3    13    96    13   34   235   167   124   147   140   138   138   131   150   221   202   139    50    38    27    17    20     7     6   2256
  Dec 3, 2009  Thursday      12     6   120    12   38   218   180   153   163   150   141   140   182   188   211   241   158    83    44    41    21    22    12     6   2542
  Dec 4, 2009  Friday         4     6   109    11   26   206   186   178   196   192   150   154   167   192   252   237   194    86    78   108    47    53    28    12   2872

  Dec 5, 2009  Saturday       8     3    42    12   13    43   105   165   171   229   236   224   213   223   222   179   141    86    58    39    34    34    14    15   2509
* Dec 6, 2009  Sunday        12    16    29    10   12    19    44    57    90   146   235   169   183   165   149   161   162    78    58    46    36    29    11     6   1923

  Dec 7, 2009  Monday        10     5   113    14   47   237   178   162   164   145   158   136   150   200   206   200   138    75    60    25    27    15    11     6   2482
  Dec 8, 2009  Tuesday        4    11   119    11   35   227   186   143   150   141   138   153   151   162   237   224   104    64    47    48    34    24    12     5   2430
  Dec 9, 2009  Wednesday      5    11   107    10   34   244   173   174   141   142   150   141   160   158   214   216   122    59    55    35    25    17     9     5   2407
  Dec 10, 2009 Thursday       6    12   115     9   22   237   178   136   144   171   147   135   170   188   220   230   157    72    59    42    19    21    11     6   2507
  Dec 11, 2009 Friday         8    12    96     9   27   201   164   139   170   160   139   195   207   222   245   245   200   100    68    48    45    37    25    14   2776

  Dec 12, 2009 Saturday      11     7    29    10   14    56    95   169   244   248   218   166   178   166   173   158   134    94    66    64    30    18    13     9   2370
  Dec 13, 2009 Sunday        10     7    19     8   12    21    51    71   106   148   168   182   144   116   167   122    93    86    61    64    30    20     7     8   1721

  Dec 14, 2009 Monday         4    11   105    16   48   220   160   153   169   163   156   149   151   173   216   187   151    71    51    32    28    21    10     5   2450
  Dec 15, 2009 Tuesday        7    16   101    11   37   217   172   151   149   158   141   153   145   140   222   215   155    64    62    73    28    17    13    11   2458
  Dec 16, 2009 Wednesday     10    11   108    10   38   221   185   165   214   157   152   179   166   179   211   220   147    65    48    35    18    23    17    10   2589
  Dec 17, 2009 Thursday       3    10   110    11   39   223   193   147   169   160   166   141   165   186   247   239   128    78    47    41    37    27    15    10   2592
  Dec 18, 2009 Friday         6     8    91    13   23   198   187   184   201   173   163   173   185   199   235   281   196   109    89    51    39    34    25     9   2872

  Dec 19, 2009 Saturday       8    10    39    11   16    45   107   181   207   290   234   210   185   204   177   169   148    69    53    35    27    31    27    14   2497
  Dec 20, 2009 Sunday        10     8    28    10   16    23    43    56    80   138   196   186   169   176   150   102    91    71    67    42    39    21    17     3   1742

  Dec 21, 2009 Monday         9    10   111     9   44   201   165   158   210   187   191   198   164   189   246   190   134    65    34    40    26    20    17     8   2626
  Dec 22, 2009 Tuesday        4    12   109    12   40   209   163   151   165   176   182   185   192   201   238   208   174    83    57    46    42    22    11     7   2689
  Dec 23, 2009 Wednesday     10    11    98     8   39   188   139   141   221   219   224   208   185   194   213   178   154    99    68    45    54    28     9     9   2742
  Dec 24, 2009 Thursday       6     4    46     6   16    68    51    66    87    91    98    97    87    79    82    64    33    27    40    52    40    39    16     3   1198
  Dec 25, 2009 Friday         2     3     7     0    0     9     7    14    20    25    31    21    20    21    20    10    22    11    14    14    10     0     4     1    286

  Dec 26, 2009 Saturday       2     0    22     1    0     8    19    20    34    50    75   103    96   116    81    82    62    35    43    23    25    21     8     8    934
  Dec 27, 2009 Sunday         7     7    14     5   17    19    34    60    97   155   194   190   189   182   190   133   116    86    64    52    33    27    11     4   1886

  Dec 28, 2009 Monday         3     7    93    15   38   167   137   132   155   191   174   170   192   159   192   160   115    65    90    48    21    28    12     8   2372
  Dec 29, 2009 Tuesday        9     9    82    15   32   175   124   117   166   170   171   147   152   155   170   184   130    64    53    44    29    20    12     7   2237
  Dec 30, 2009 Wednesday      4     8   100     7   33   166   127   113   149   195   193   146   148   173   192   163   116    58    56    34    35    28    12     5   2261
  Dec 31, 2009 Thursday       9    11    79    10   20   142   108   122   136   167   157   173   198   169   169   156    99    87    54    56    33    35    16    14   2220

AVERAGES FOR DAY GROUPINGS 1 am  2 am  3 am  4 am 5 am  6 am  7 am  8 am  9 am 10 am 11 am  Noon  1 pm  2 pm  3 pm  4 pm  5 pm  6 pm  7 pm  8 pm  9 pm 10 pm 11 pm 12 mid TOTAL

               Mondays        7     8   106    14   44   206   160   151   175   172   170   163   164   180   215   184   135    69    59    36    26    21    13     7   2483
               Tuesdays       6    12   105    13   37   213   165   148   157   162   159   154   154   168   217   207   135    65    54    49    30    23    12     8   2453
               Wednesdays     6    11   102    10   36   211   158   143   174   171   171   162   158   171   210   196   136    66    53    35    30    23    11     7   2451
               Thursdays      9     9    94    12   27   178   178   125   140   185   142   137   201   162   186   233   115    69    61    46    30    36    14     8   2212
               Fridays        5     7    76     8   19   154   136   129   147   138   121   136   145   159   188   193   153    77    62    55    35    31    21     9   2202

               Saturdays      7     5    33     9   11    38    82   134   164   204   191   176   168   177   163   147   121    71    55    40    29    26    16    12   2078
               Sundays       10    10    23     8   14    21    43    61    93   147   198   182   171   160   164   130   116    80    63    51    35    24    12     5   1818

  West         Weekday (Monday-Friday):   2360   Weekend (Saturday-Sunday):   1948   TOTAL Month (MADT):    2255

* - Day Contains Some or All Estimated Data Due to Missing Data or Malfunctions at the ATR.
