                                                                                                                                          10:41 Wednesday, January 20, 2010 251

                                                                    Minnesota Department of Transportation
                                                                 Continuous Count Station Edited Data for 2009


---------------------------------------------------------------------Station 102, Direction North, January --------------------------------------------------------------------
                        Hour Ending At:
    DATE         DAY       1 am  2 am  3 am  4 am 5 am  6 am  7 am  8 am  9 am 10 am 11 am  Noon  1 pm  2 pm  3 pm  4 pm  5 pm  6 pm  7 pm  8 pm  9 pm 10 pm 11 pm 12 mid TOTAL

  Jan 1, 2009  Thursday     456   384   308   260  198   265   412   294   309   457   611   877  1089  1157  1356  1156  1192  1159   946   715   672   549   487   281  15590
  Jan 2, 2009  Friday       147   116    77    64  118   397  1046  1685  1478  1403  1506  1418  1322  1214  1765  1751  2096  1817  1332  1057   930   774   627   441  24581

  Jan 3, 2009  Saturday     267   206   177    99   84   195   425   415   604   870  1033  1278  1278  1175  1256  1180  1147   983   844   608   572   492   425   271  15884
  Jan 4, 2009  Sunday       154   128   109    74   69   136   334   279   376   521   663   727  1156   545  1016  1261  1007   892   846   803   620   543   544   279  13082

  Jan 5, 2009  Monday       132   113    85    67  139   512  1424  2583  2028  1491  1416  1440  1648  1646  1834  2050  2377  1899  1200   861   718   600   489   286  27038
  Jan 6, 2009  Tuesday      154   119    80    56  122   580  1539  2905  2194  1567  1400  1564  1658  1726  1785  2032  2216  1853  1218   938   792   730   569   349  28146
  Jan 7, 2009  Wednesday    191   134   100    90  134   579  1548  2798  2304  1506  1358  1505  1599  1620  1785  1989  2165  1816  1300   835   818   671   570   297  27712
  Jan 8, 2009  Thursday     192   162   113    72  113   544  1583  2847  2273  1657  1502   995   927   948  1092  1918  2221  1951  1392  1013   846   822   667   337  26187
  Jan 9, 2009  Friday       160   124    96    74  119   497  1421  2793  2210  1565  1459  1611   971  1790  2027  2249  2418  2281  1648  1226  1067   967   747   476  29996

  Jan 10, 2009 Saturday     280   228   245    89   84   212   508   533   816  1105  1265  1506  1448  1524  1599  1534  1659  1414  1269   936   813   817   717   504  21105
  Jan 11, 2009 Sunday       310   208   251    91   80   174   385   339   540   753   965  1052  1008   806   889   439   933   818  1055   816   743   579   486   252  13972

  Jan 12, 2009 Monday       115   112    65    71  132   525  1471  2971  2232  1563  1478  1481  1641  1683  1750  2100  2105  1934  1233   843   709   675   476   266  27631
  Jan 13, 2009 Tuesday      121   100    62    55  128   562  1514  2924  2142  1474  1329  1368  1562  1643  1815  1994  2141  1846  1177   797   657   848   529   321  27109
  Jan 14, 2009 Wednesday    158   122    76    70  114   528  1584  2905  2149  1425  1353  1414  1588  1666  1787  1981  2261  1812  1239   901   805   627   518   294  27377
  Jan 15, 2009 Thursday     167   142   132    89   99   477  1434  2468  1812  1277  1253  1417  1480  1604  1686  1834  2002  1813  1285   893   728   643   587   336  25658
  Jan 16, 2009 Friday       172   138    88    62  126   492  1314  2389  1887  1501  1454  1624  1889  1897  2038  2222  2428  2116  1955  1205  1026  1008   802   450  30283

  Jan 17, 2009 Saturday     297   201   230   118  106   198   441   432   792   985  1181  1239  1474  1417  1604  1435  1507  1672  1770   992   764   716   694   469  20734
  Jan 18, 2009 Sunday       266   260   221   129   81   202   388   304   475   678   945  1070  1227  1378  1442  1436  1367  1297  1148   933   741   634   572   321  17515

  Jan 19, 2009 Monday       176   116    95    84  130   484  1243  2234  1793  1387  1501  1767  1972  2018  2046  2069  2286  1894  1367   956   817   760   570   299  28064
* Jan 20, 2009 Tuesday      134   132    76    82  125   602  1583  3163  2345  1665  1443  1508  1667  1514  1763  2318  2303  2184  1299   991   802   695   596   295  29285
  Jan 21, 2009 Wednesday    189   112    74    83  127   615  1612  3343  2303  1552  1518  1619  1711  1745  1858  2258  2301  1941  1401   986   910   689   563   296  29806
  Jan 22, 2009 Thursday     165   174    95    75  136   584  1652  3192  2167  1452  1234  1950  1726  1787  1993  2131  2363  2065  1513  1096  1072   978   645   361  30606
  Jan 23, 2009 Friday       197   150   112    66  138   538  1493  2960  2348  1545  1360   909  1019   742  1214  2273  2523  2367  1925  1308  1073  1151   850   504  28765

  Jan 24, 2009 Saturday     292   230   255   121  100   225   524   442   755  1017  1119  1530  1574  1574  1724  1721  1734  1505  1689  1073   774   806   732   476  21992
  Jan 25, 2009 Sunday       281   238   228   110   84   195   412   322   519   752   969  1088  1524  1323  1421  1374  1402  1222  1076   891   692   563   507   269  17462

  Jan 26, 2009 Monday       134    96    70    68  130   547  1521  2939  2159  1595  1436  1369  1612  2396  1768  1914  2109  1871  1240   872   831   645   549   288  28159
* Jan 27, 2009 Tuesday      170   111    59    68  111   597  1612  3163  2250  1631  1422  1333  1581  1665  1763  2043  2250  2079  1296  1060   827   808   597   294  28790
  Jan 28, 2009 Wednesday    160    94    90    69  109   520  1585  3118  2336  1675  1661  1601  1701  1712  1815  2141  2268  1965  1432   997   908   867   750   306  29880
  Jan 29, 2009 Thursday     138   167   105    77  120   506  1518  3007  2439  1643  1484  1326  1747  1752  1911  2217  2225  2291  1604  1143  1014   759   695   366  30254
  Jan 30, 2009 Friday       169   147   119    80  115   516  1404  2771  2686  1570  1371  1494  1861  2015  2135  2424  2589  2207  1815  1413  1231  1079   832   530  32573

* Jan 31, 2009 Saturday     342   251   246   106  104   235   499   521   767   968  1215  1432   891  1179  1184  1243  1169  1274  1007   750   776   761   698   473  18091

AVERAGES FOR DAY GROUPINGS 1 am  2 am  3 am  4 am 5 am  6 am  7 am  8 am  9 am 10 am 11 am  Noon  1 pm  2 pm  3 pm  4 pm  5 pm  6 pm  7 pm  8 pm  9 pm 10 pm 11 pm 12 mid TOTAL

               Mondays      139   109    79    73  133   517  1415  2682  2053  1509  1458  1514  1718  1936  1850  2033  2219  1900  1260   883   769   670   521   285  27723
               Tuesdays     145   116    69    65  122   585  1562  3039  2233  1584  1399  1443  1617  1637  1782  2097  2228  1991  1248   947   770   770   573   315  28333
               Wednesdays   175   116    85    78  121   561  1582  3041  2273  1540  1473  1535  1650  1686  1811  2092  2249  1884  1343   930   860   714   600   298  28694
               Thursdays    280   206   151   143  133   475  1650  2362  1800  1622  1217  1313  1742  1450  1608  2314  2001  1856  1685   972   866   938   616   336  25659
               Fridays      169   135    98    69  123   488  1336  2520  2122  1517  1430  1411  1412  1532  1836  2184  2411  2158  1735  1242  1065   996   772   480  29240

               Saturdays    296   223   231   107   96   213   479   469   747   989  1163  1397  1333  1374  1473  1423  1443  1370  1316   872   740   718   653   439  19561
               Sundays      253   209   202   101   79   177   380   311   478   676   886   984  1229  1013  1192  1128  1177  1057  1031   861   699   580   527   280  15508

  North        Weekday (Monday-Friday):  27930   Weekend (Saturday-Sunday):  17535   TOTAL Month (MADT):   24946

* - Day Contains Some or All Estimated Data Due to Missing Data or Malfunctions at the ATR.
                                                                                                                                          10:41 Wednesday, January 20, 2010 252

                                                                    Minnesota Department of Transportation
                                                                 Continuous Count Station Edited Data for 2009


---------------------------------------------------------------------Station 102, Direction South, January --------------------------------------------------------------------
                        Hour Ending At:
    DATE         DAY       1 am  2 am  3 am  4 am 5 am  6 am  7 am  8 am  9 am 10 am 11 am  Noon  1 pm  2 pm  3 pm  4 pm  5 pm  6 pm  7 pm  8 pm  9 pm 10 pm 11 pm 12 mid TOTAL

  Jan 1, 2009  Thursday     585   492   369   192  145   133   239   399   377   579   815  1123  1283  1292  1303  1350  1131   958   844   731   623   527   423   432  16345
  Jan 2, 2009  Friday       171   115   115    71  107   206   586  1105  1077  1340  1559  1896  2069  2131  2448  2520  2817  2122  1383  1086   890   825   631   603  27873

  Jan 3, 2009  Saturday     308   206   143   115   94   144   350   577   762  1035  1322  1474  1463  1419  1244  1203  1122  1064   796   654   620   491   396   363  17365
  Jan 4, 2009  Sunday       164   124   120    89   78   102   237   415   399   656   870  1099  1468  1155  1346  1384  1103   827   744   789   575   469   413   371  14997

  Jan 5, 2009  Monday       136    84    67    87  113   284   826  1420  1352  1208  1336  1596  1671  1765  2102  2662  3335  2593  1378  1027   803   686   505   429  27465
  Jan 6, 2009  Tuesday      232   121   100    70  129   311   907  1736  1418  1329  1432  1653  1726  1838  2146  2714  3518  2786  1391  1047   821   756   544   443  29168
  Jan 7, 2009  Wednesday    235   153   120   116  145   335   874  1747  1466  1293  1368  1618  1723  1868  2100  2734  3327  2633  1400  1017   857   703   560   490  28882
  Jan 8, 2009  Thursday     230   146    98    81  114   326   884  1804  1535  1420  1486  1632  1805  1846  2156  2806  3441  2729  1560  1102   937   768   572   473  29951
  Jan 9, 2009  Friday       210   159   107    94  114   282   845  1744  1503  1389  1463  1711  1494  2025  2340  2933  3364  2572  1503  1196  1002   973   807   668  30498

  Jan 10, 2009 Saturday     319   232   163   110   92   160   411   656   784  1118  1277  1529  1459  1650  1633  1808  1742  1389  1153  1092   969   959   693   582  21980
  Jan 11, 2009 Sunday       307   216   187    90   75   115   259   461   532   845  1051  1356  1727  1691  1679   775  1599  1326  1048   812   633   517   423   359  18083

  Jan 12, 2009 Monday       140    90    76    77  126   309   900  1851  1563  1418  1430  1591  1772  1773  2085  2715  3334  2537  1376   976   861   665   508   381  28554
  Jan 13, 2009 Tuesday      212   122    87    63  120   324   897  1896  1532  1168  1266  1497  1544  1620  2003  2733  3355  2643  1301  1081   816   645   550   435  27910
  Jan 14, 2009 Wednesday    196   124   102    73  111   304   882  1863  1531  1271  1292  1518  1736  1689  2081  2671  3207  2630  1380  1107   890   717   566   487  28428
  Jan 15, 2009 Thursday     237   146    97    88  108   275   745  1488  1276  1150  1199  1477  1602  1684  1985  2490  2967  2424  1328   898   812   715   678   479  26348
  Jan 16, 2009 Friday       225   149   114    95  102   277   762  1506  1299  1293  1462  1805  1969  2035  2319  2742  3167  2368  1441  1053   926  1225   760   599  29693

  Jan 17, 2009 Saturday     327   228   166   118   85   146   344   542   761  1034  1216  1326  1500  1468  1533  1564  1475  1288  1103   904   913  1361   803   662  20867
  Jan 18, 2009 Sunday       372   238   199   120   77   107   209   422   530   825  1085  1330  1611  1654  1475  1626  1446  1261   996   864   697   593   462   388  18587

  Jan 19, 2009 Monday       194   109    85   102  111   308   735  1504  1229  1347  1416  1736  2034  2005  2375  2900  3100  2487  1531  1121   829   630   498   385  28771
* Jan 20, 2009 Tuesday      186   123    80    68  132   325   914  1877  1654  1442  1501  1673  1728  1734  2094  2812  3495  2788  1541  1127   896   814   667   460  30131
  Jan 21, 2009 Wednesday    185   130   112    72  127   316   902  1948  1675  1593  1456  1605  1772  1796  2205  2820  3471  2857  1587  1114  1048   771   578   514  30654
  Jan 22, 2009 Thursday     221   131   117    78  125   351   933  1926  1648  1474  1528  1707  1817  1951  2219  2948  3565  2857  1634  1285   997   812   560   466  31350
  Jan 23, 2009 Friday       245   157   126    88  102   341   860  1832  1620  1457  1487  1663  2042  1530  2422  2923  3540  2716  1722  1193   984  1328   797   692  31867

  Jan 24, 2009 Saturday     350   246   215   122   91   162   331   591   822  1196  1335  1429  1451  1553  1620  1676  1696  1393  1236  1269   968  1365   805   682  22604
  Jan 25, 2009 Sunday       365   257   185   126   63   127   228   456   602   832  1073  1365  1653  1724  1854  1794  1696  1460  1108   843   622   474   420   337  19664

  Jan 26, 2009 Monday       163    81    80    83  138   316   877  1944  1529  1335  1427  1731  1776  1833  2156  2742  3379  2627  1420  1083   867   698   503   416  29204
* Jan 27, 2009 Tuesday      221   117    97    70  127   337   940  1983  1626  1416  1427  1679  1774  1768  2094  2800  3511  2916  1585  1199   908   822   595   426  30438
  Jan 28, 2009 Wednesday    197   125    98    78  107   296   896  1924  1644  1407  1538  1660  1736  1781  2203  2863  3567  2905  1617  1186  1031   731   563   460  30613
  Jan 29, 2009 Thursday     238   157    97    84  105   334   831  1900  1682  1528  1459  1649  1795  1858  2224  2932  3572  2906  1577  1222  1065   767   633   513  31128
  Jan 30, 2009 Friday       255   146    97    91  117   289   807  1578  1734  1513  1495  1867  2184  2290  2601  3190  3529  2695  1704  1283  1061  1075   764   723  33088

* Jan 31, 2009 Saturday     383   265   204   135  102   158   338   599   915  1193  1360  1569  1198  1747  1742  1869  1799  1521  1315  1134   845  1097   750   668  22906

AVERAGES FOR DAY GROUPINGS 1 am  2 am  3 am  4 am 5 am  6 am  7 am  8 am  9 am 10 am 11 am  Noon  1 pm  2 pm  3 pm  4 pm  5 pm  6 pm  7 pm  8 pm  9 pm 10 pm 11 pm 12 mid TOTAL

               Mondays      158    91    77    87  122   304   835  1680  1418  1327  1402  1664  1813  1844  2180  2755  3287  2561  1426  1052   840   670   504   403  28499
               Tuesdays     213   121    91    68  127   324   915  1873  1558  1339  1407  1626  1693  1740  2084  2765  3470  2783  1455  1114   860   759   589   441  29412
               Wednesdays   203   133   108    85  123   313   889  1871  1579  1391  1414  1600  1742  1784  2147  2772  3393  2756  1496  1106   957   731   567   488  29644
               Thursdays    378   214   156   131  119   284   908  1503  1304  1538  1297  1518  2076  1726  1977  3132  2935  2375  1736  1048   887   897   573   473  27024
               Fridays      221   145   112    88  108   279   772  1553  1447  1398  1493  1788  1952  2002  2426  2862  3283  2495  1551  1162   973  1085   752   657  30604

               Saturdays    337   235   178   120   93   154   355   593   809  1115  1302  1465  1414  1567  1554  1624  1567  1331  1121  1011   863  1055   689   591  21144
               Sundays      302   209   173   106   73   113   233   439   516   790  1020  1288  1615  1556  1589  1395  1461  1219   974   827   632   513   430   364  17833

  South        Weekday (Monday-Friday):  29037   Weekend (Saturday-Sunday):  19489   TOTAL Month (MADT):   26304

* - Day Contains Some or All Estimated Data Due to Missing Data or Malfunctions at the ATR.
                                                                                                                                          10:41 Wednesday, January 20, 2010 253

                                                                    Minnesota Department of Transportation
                                                                 Continuous Count Station Edited Data for 2009


---------------------------------------------------------------------Station 102, Direction North, February -------------------------------------------------------------------
                        Hour Ending At:
    DATE         DAY       1 am  2 am  3 am  4 am 5 am  6 am  7 am  8 am  9 am 10 am 11 am  Noon  1 pm  2 pm  3 pm  4 pm  5 pm  6 pm  7 pm  8 pm  9 pm 10 pm 11 pm 12 mid TOTAL

* Feb 1, 2009  Sunday       369   242   291   139  102   195   384   357   514   836  1071  1271  1426  1533  1583  1467  1492  1551  1378  1116   837   669   590   303  19716

  Feb 2, 2009  Monday       232   125    92    89  112   526  1403  3024  2295  1645  1478  1591  1659  1714  1842  2045  2209  1909  1343   935   842   683   538   275  28606
  Feb 3, 2009  Tuesday      133   113    70    71  103   565  1575  3064  2325  1664  1427  1450  1671  1718  1804  2041  2260  2056  1210   963   861   906   595   329  28974
  Feb 4, 2009  Wednesday    129   112    81    62  117   554  1537  3128  2374  1555  1391  1480  1704  1690  1848  2047  2263  2098  1474  1027  1042   807   574   311  29405
  Feb 5, 2009  Thursday     169   195   126    67  120   571  1550  3026  2324  1747  1286  1430  1715  1847  1948  2202  2485  2292  1683  1252   983   850   763   368  30999
  Feb 6, 2009  Friday       177   137   110    74  108   523  1418  2787  2273  1765  1581  1740  1999  2010  2207  2477  2595  2458  2255  1397  1204  1123   880   558  33856

  Feb 7, 2009  Saturday     354   239   223   100   99   238   543   569   847  1083  1304  1654  1695  1694  1719  1647  1713  1801  1766  1370   858   907   731   593  23747
  Feb 8, 2009  Sunday       346   240   245   123  103   189   429   384   587   716  1068  1077  1455  1478  1669  1481  1540  1486  1298  1047   912   685   586   300  19444

  Feb 9, 2009  Monday       162   105    95    73  123   542  1350  2559  1986  1338  1082  1102  1174  1160  1196  1179  1087   859   522   331   318   267   284   159  19053
  Feb 10, 2009 Tuesday       97    60    51    48  120   491  1321  2432  1858  1432  1295  1512  1489  1572  1681  1730  1953  1794  1157   878   712   611   567   297  25158
  Feb 11, 2009 Wednesday    168   116    88    76  117   565  1577  3131  2364  1675  1440  1519  1662  1784  1925  2017  2217  2083  1498  1024   944   845   713   374  29922
  Feb 12, 2009 Thursday     197   177   108    78  114   582  1553  3039  2392  1737  1596  1605  1718  1917  1941  2264  2355  2147  1615  1067   966   902   680   364  31114
  Feb 13, 2009 Friday       227   157   109   108  134   521  1437  2792  2258  1768  1666  1701  2160  2031  2256  2478  2795  2462  2187  1576  1168  1230   946   585  34752

  Feb 14, 2009 Saturday     364   250   242   121  118   220   494   472   788  1164  1447  1838  1933  1722  1815  1832  1784  1768  1612  1212   953   944   759   536  24388
  Feb 15, 2009 Sunday       321   222   262   125   84   182   412   354   527   768  1084  1327  1611  1540  1598  1556  1474  1549  1351  1091   916   723   596   324  19997

  Feb 16, 2009 Monday       174   127    98    98  107   513  1244  2284  1946  1615  1495  1585  1699  1757  1803  1855  2088  1756  1332   867   745   710   573   293  26764
  Feb 17, 2009 Tuesday      163   113    79    78   99   542  1547  2853  2148  1741  1592  1683  1774  1810  1879  2024  2104  1852  1370   935   988   691   558   263  28886
  Feb 18, 2009 Wednesday    151    97    84    78  122   518  1485  2610  2242  1521  1362  1486  1655  1693  1897  1951  2249  1999  1380  1025   901   715   595   289  28105
  Feb 19, 2009 Thursday     158   181   137    74  110   546  1487  2799  2162  1162  1377  1563  1653  1824  1846  2029  2411  2244  1641  1269   955   875   762   368  29633
  Feb 20, 2009 Friday       245   156   138   102  119   493  1375  2595  2134  1674  1685  1900  2072  2146  2228  2379  2567  2239  1725  1243  1073  1136  1003   512  32939

  Feb 21, 2009 Saturday     329   210   264   132  114   213   444   509   840  1106  1277  1580  1636  1688  1770  1751  1639  1664  1569  1157   876   847   755   508  22878
  Feb 22, 2009 Sunday       338   263   257   120   92   177   346   337   519   782  1163  1296  1619  1463  1740  1597  1493  1475  1281  1059   821   718   595   346  19897

  Feb 23, 2009 Monday       170   103    71    88  131   560  1468  3060  2340  1714  1568  1573  1768  1817  1872  2022  2231  2002  1319   929   836   731   541   280  29194
  Feb 24, 2009 Tuesday      192   112    89    80  134   616  1679  3171  2352  1696  1487  1507  1663  1746  1875  2180  2351  2144  1429  1026   801   698   640   311  29979
  Feb 25, 2009 Wednesday    179   125    81    59  116   527  1617  2924  2409  1631  1545  1572  1781  1734  1887  2196  2333  2060  1446   982   955   751   541   342  29793
  Feb 26, 2009 Thursday     189   166   128    84  121   586  1614  2964  2204  1592  1343  1188  1229  1271  1290  1519  1677  1492   895   674   564   553   477   220  24040
* Feb 27, 2009 Friday       125    96   112    92  146   474  1325  2621  2230  1662  1613  1791  1990  2021  2214  2420  2613  2327  1878  1474  1214  1118   871   555  32982

* Feb 28, 2009 Saturday     303   209   261   154  126   232   486   563   893  1299  1355  1611  1687  1661  1729  1591  1583  1597  1459  1173   924   955   638   504  22993

AVERAGES FOR DAY GROUPINGS 1 am  2 am  3 am  4 am 5 am  6 am  7 am  8 am  9 am 10 am 11 am  Noon  1 pm  2 pm  3 pm  4 pm  5 pm  6 pm  7 pm  8 pm  9 pm 10 pm 11 pm 12 mid TOTAL

               Mondays      185   115    89    87  118   535  1366  2732  2142  1578  1406  1463  1575  1612  1678  1775  1904  1632  1129   766   685   598   484   252  25904
               Tuesdays     146   100    72    69  114   554  1531  2880  2171  1633  1450  1538  1649  1712  1810  1994  2167  1962  1292   951   841   727   590   300  28249
               Wednesdays   157   113    84    69  118   541  1554  2948  2347  1596  1435  1514  1701  1725  1889  2053  2266  2060  1450  1015   961   780   606   329  29306
               Thursdays    178   180   125    76  116   571  1551  2957  2271  1560  1401  1447  1579  1715  1756  2004  2232  2044  1459  1066   867   795   671   330  28947
               Fridays      194   137   117    94  127   503  1389  2699  2224  1717  1636  1783  2055  2052  2226  2439  2643  2372  2011  1423  1165  1152   925   553  33632

               Saturdays    338   227   248   127  114   226   492   528   842  1163  1346  1671  1738  1691  1758  1705  1680  1708  1602  1228   903   913   721   535  23502
               Sundays      344   242   264   127   95   186   393   358   537   776  1097  1243  1528  1504  1648  1525  1500  1515  1327  1078   872   699   592   318  19764

  North        Weekday (Monday-Friday):  29208   Weekend (Saturday-Sunday):  21633   TOTAL Month (MADT):   27043

* - Day Contains Some or All Estimated Data Due to Missing Data or Malfunctions at the ATR.
                                                                                                                                          10:41 Wednesday, January 20, 2010 254

                                                                    Minnesota Department of Transportation
                                                                 Continuous Count Station Edited Data for 2009


---------------------------------------------------------------------Station 102, Direction South, February -------------------------------------------------------------------
                        Hour Ending At:
    DATE         DAY       1 am  2 am  3 am  4 am 5 am  6 am  7 am  8 am  9 am 10 am 11 am  Noon  1 pm  2 pm  3 pm  4 pm  5 pm  6 pm  7 pm  8 pm  9 pm 10 pm 11 pm 12 mid TOTAL

* Feb 1, 2009  Sunday       382   286   229   127   97   119   228   446   582   993  1284  1590  1866  1773  1779  1862  1740  1508  1207   959   750   786   492   386  21471

  Feb 2, 2009  Monday       178   132    89    78  132   328   872  1887  1589  1396  1496  1704  1687  1865  2197  2732  3443  2670  1443  1039   879   710   519   439  29504
  Feb 3, 2009  Tuesday      232   120    75    78  108   309   947  1891  1554  1404  1399  1629  1874  1741  2216  2832  3521  2851  1557  1176   937   761   601   486  30299
  Feb 4, 2009  Wednesday    213   147    95    90  118   309   883  1890  1691  1380  1424  1650  1835  1751  2216  2818  3497  2755  1712  1170  1115   778   600   557  30694
  Feb 5, 2009  Thursday     261   143   122    92  135   340   911  1885  1643  1515  1520  1721  1849  1855  2276  3052  3629  2938  1689  1322  1066  1162   645   509  32280
  Feb 6, 2009  Friday       246   190   118    80  115   295   844  1849  1618  1462  1708  1963  2155  2232  2654  3118  3699  2812  1769  1296  1031  1553   807   711  34325

  Feb 7, 2009  Saturday     395   271   181   133  108   171   328   772   911  1210  1510  1567  1710  1633  1718  1894  1848  1576  1381  1093   933  1652   922   716  24633
  Feb 8, 2009  Sunday       375   250   236   136   88   120   262   459   676   967  1345  1441  1784  1809  1899  1922  1977  1557  1271   934   701   587   423   393  21612

  Feb 9, 2009  Monday       181    85    83    77  128   299   803  1699  1446  1266  1209  1294  1449  1236  1556  1773  1729  1141   636   384   298   283   274   283  19612
  Feb 10, 2009 Tuesday      125    74    78    56   72   268   742  1479  1214  1211  1176  1476  1701  1647  1983  2394  3173  2387  1284   958   818   657   524   484  25981
  Feb 11, 2009 Wednesday    212   166    85    89  106   325   897  1944  1624  1461  1499  1666  1818  1803  2139  2805  3394  2801  1658  1240  1074   816   644   534  30800
  Feb 12, 2009 Thursday     259   148   111    90  101   317   819  1877  1669  1553  1535  1746  2032  1793  2292  3029  3462  2919  1770  1255   980   888   741   515  31901
  Feb 13, 2009 Friday       269   183   163   102  124   316   796  1878  1603  1548  1708  1997  2275  2343  2538  3305  3670  2849  1777  1327  1054  1235   974   809  34843

  Feb 14, 2009 Saturday     425   314   231   147  117   156   338   652   864  1246  1312  1557  1658  1786  2020  1935  1882  1789  1486  1269  1077  1170   928   768  25127
  Feb 15, 2009 Sunday       404   281   224   144   77   106   228   468   650  1101  1312  1403  1814  1896  1888  1766  1747  1526  1315  1061   812   648   593   398  21862

  Feb 16, 2009 Monday       189   114    89    80  133   269   696  1461  1291  1462  1634  1894  2089  2040  2232  2744  3040  2489  1458  1077   753   694   541   442  28911
  Feb 17, 2009 Tuesday      211   141   100    84  112   334   838  1795  1458  1575  1514  1744  1982  1964  2230  2764  3468  2729  1516  1096   869   761   528   442  30255
  Feb 18, 2009 Wednesday    186   110    73    84  114   295   803  1654  1442  1321  1403  1574  1798  1745  2089  2623  3248  2652  1583  1207  1033   889   627   553  29106
  Feb 19, 2009 Thursday     248   138   115    89  119   310   797  1763  1466  1373  1457  1779  1864  1854  2290  2771  3435  2778  1668  1351  1100  1136   714   511  31126
  Feb 20, 2009 Friday       276   179   144    97   96   275   771  1690  1486  1488  1678  1938  2291  2346  2717  3179  3549  2584  1721  1332  1052  1135   853   656  33533

  Feb 21, 2009 Saturday     335   242   211   155  127   195   368   683   885  1152  1295  1573  1632  1707  1659  1859  1722  1632  1329  1100  1019  1089   824   673  23466
  Feb 22, 2009 Sunday       364   254   255   132   83   108   264   420   625   959  1247  1494  1932  1841  1931  1894  1889  1496  1169   984   710   514   422   398  21385

  Feb 23, 2009 Monday       175    95    85    80  118   299   903  1862  1618  1421  1548  1773  1825  1917  2166  2750  3432  2832  1578  1147   879   772   545   426  30246
  Feb 24, 2009 Tuesday      208   119    92    85  107   308   930  1948  1603  1524  1431  1771  1840  1873  2225  2828  3506  2818  1711  1222  1000   902   589   475  31115
  Feb 25, 2009 Wednesday    249   142   111    72  108   284   831  1898  1747  1402  1509  1691  1783  1926  2201  2867  3423  2749  1640  1149  1058   791   597   547  30775
  Feb 26, 2009 Thursday     257   139   116    98  112   338   860  1853  1604  1414   972  1351  1341  1340  1610  2109  2447  1946  1005   756   604   606   496   403  23777
* Feb 27, 2009 Friday       190   128    93    82  122   286   822  1731  1586  1424  1681  1934  2207  2271  2556  3188  3485  2776  1683  1253  1065  1156   923   730  33372

* Feb 28, 2009 Saturday     411   277   188   137  107   121   331   585   890  1156  1399  1452  1668  1635  1871  1802  1830  1505  1305  1208  1015   943   749   618  23203

AVERAGES FOR DAY GROUPINGS 1 am  2 am  3 am  4 am 5 am  6 am  7 am  8 am  9 am 10 am 11 am  Noon  1 pm  2 pm  3 pm  4 pm  5 pm  6 pm  7 pm  8 pm  9 pm 10 pm 11 pm 12 mid TOTAL

               Mondays      181   107    87    79  128   299   819  1727  1486  1386  1472  1666  1763  1765  2038  2500  2911  2283  1279   912   702   615   470   398  27068
               Tuesdays     194   114    86    76  100   305   864  1778  1457  1429  1380  1655  1849  1806  2164  2705  3417  2696  1517  1113   906   770   561   472  29413
               Wednesdays   215   141    91    84  112   303   854  1847  1626  1391  1459  1645  1809  1806  2161  2778  3391  2739  1648  1192  1070   819   617   548  30344
               Thursdays    256   142   116    92  117   326   847  1845  1596  1464  1371  1649  1772  1711  2117  2740  3243  2645  1533  1171   938   948   649   485  29771
               Fridays      245   170   130    90  114   293   808  1787  1573  1481  1694  1958  2232  2298  2616  3198  3601  2755  1738  1302  1051  1270   889   727  34018

               Saturdays    392   276   203   143  115   161   341   673   888  1191  1379  1537  1667  1690  1817  1873  1821  1626  1375  1168  1011  1214   856   694  24107
               Sundays      381   268   236   135   86   113   246   448   633  1005  1297  1482  1849  1830  1874  1861  1838  1522  1241   985   743   634   483   394  21583

  South        Weekday (Monday-Friday):  30123   Weekend (Saturday-Sunday):  22845   TOTAL Month (MADT):   28043

* - Day Contains Some or All Estimated Data Due to Missing Data or Malfunctions at the ATR.
                                                                                                                                          10:41 Wednesday, January 20, 2010 255

                                                                    Minnesota Department of Transportation
                                                                 Continuous Count Station Edited Data for 2009


---------------------------------------------------------------------Station 102, Direction North, March ----------------------------------------------------------------------
                        Hour Ending At:
    DATE         DAY       1 am  2 am  3 am  4 am 5 am  6 am  7 am  8 am  9 am 10 am 11 am  Noon  1 pm  2 pm  3 pm  4 pm  5 pm  6 pm  7 pm  8 pm  9 pm 10 pm 11 pm 12 mid TOTAL

  Mar 1, 2009  Sunday       302   271   255   143  102   191   360   324   531   601   920  1212  1489  1500  1617  1502  1492  1482  1309  1002   826   654   515   273  18873

  Mar 2, 2009  Monday       169    99    70    67  120   565  1447  3022  1643  1056   958  1400  1467  1824  1855  2092  2272  1820  1283   938   816   717   568   281  26549
  Mar 3, 2009  Tuesday      175   206   135   709  479   803  1592  3212  1189  1114  1501  1611  1723  1802  1915  2135  2230  2003  1369   976   938   719   608   337  29481
  Mar 4, 2009  Wednesday    158   116   107    68  114   578  1645  3196  2419  1636  1215  1405  1707  1840  2056  2162  2411  2180  1505  1092   958   771   594   340  30273
  Mar 5, 2009  Thursday     171   161   130    74  124   573  1637  3176  2336  1717  1148  1239  1087  1181  1482  2067  2188  2042  1606  1189   964   818   656   391  28157
  Mar 6, 2009  Friday       173   141    94    97  129   490  1409  2812  2088  1769  1718  1747  1950  1759  2164  2598  2683  2368  2120  1413  1139  1026   806   550  33243

  Mar 7, 2009  Saturday     325   268   230   109  108   330   405   583   663  1031  1357  1594  1827  1748  1715  1740  1763  1778  1755  1210   970   816   787   588  23700
* Mar 8, 2009  Sunday       322   238   245   247  136   183   328   306   499   644   873  1146  1359  1281  1501  1441  1415  1344  1230  1035   843   683   533   303  18135

  Mar 9, 2009  Monday       181   114    90    71  115   541  1454  2926  2183  1257  1451  1630  1860  1835  1932  2219  2272  2091  1441  1011   869   737   568   318  29166
  Mar 10, 2009 Tuesday      192   114    84    73  133   612  1620  3050  2315  1595  1444  1492  1640  1480  1348  1479  1503  1106   622   410   305   288   304   162  23371
  Mar 11, 2009 Wednesday     77    71   153    64  128   427  1172  2386  2007  1328  1082  1206  1331  1503  1613  1839  2166  1975  1428  1014   835   692   602   302  25401
* Mar 12, 2009 Thursday     168   171   122    71  120   559  1584  2887  2239  1643  1442  1538  1669  1721  1895  2059  2263  2024  1452  1099   945   760   618   510  29559
* Mar 13, 2009 Friday       168   187   115    86  114   493  1373  2740  2168  1731  1539  1675  1809  1941  2158  2344  2539  2196  1786  1357  1156  1041   809   517  32042

* Mar 14, 2009 Saturday     330   216   252   120   90   240   536   539   836  1048  1273  1572  1680  1707  1861  1589  1625  1614  1370  1273   894   833   742   505  22745
  Mar 15, 2009 Sunday       346   250   268   114   82   169   393   328   561   737  1025  1177  1488  1475  1582  1434  1424  1405  1257  1032   958   670   544   289  19008

  Mar 16, 2009 Monday       143   112    92    83  109   589  1464  2890  2283  1727  1558  1599  1849  1933  1927  2282  2238  1955  1428   984   905   739   542   296  29727
  Mar 17, 2009 Tuesday      176   123    86    74  130   586  1590  3000  2328  1626  1560  1690  1815  1962  2036  2187  2396  2040  1531  1166   996   799   635   363  30895
  Mar 18, 2009 Wednesday    226   173   136    93  129   556  1554  3009  2437  1752  1534  1665  1904  1874  2029  2131  2334  2082  1458  1018   916   829   613   312  30764
  Mar 19, 2009 Thursday     174   177   130    69  132   555  1587  2926  2324  1647  1525  1606  1912  1904  2008  2172  2354  2149  1636  1181   991   763   648   358  30928
  Mar 20, 2009 Friday       193   150   123    94  134   487  1359  2765  2183  1668  1607  1751  1888  1955  1988  2157  2013  1579  1439  1109  1078   909   692   451  29772

  Mar 21, 2009 Saturday     295   186   213   119  110   218   503   485   738   993  1328  1487  1646  1459  1583  1520  1496  1453  1384  1059   834   801   752   500  21162
  Mar 22, 2009 Sunday       356   209   207   120   86   195   399   322   506   710   995  1130  1421  1507  1680  1621  1580  1579  1431  1288  1161   843   604   322  20272

  Mar 23, 2009 Monday       214   107   114    78  129   493  1280  2537  2224  1524  1377  1375  1542  1556  1709  1834  2041  1666  1114   710   650   625   479   276  25654
  Mar 24, 2009 Tuesday      161   116    64    72  115   564  1513  3015  2323  1770  1536  1587  1773  1821  1897  2092  2198  1911  1261   947   732   683   542   294  28987
* Mar 25, 2009 Wednesday    161   107    93    77  139   580  1672  3056  2411  1705  1523  1548  1745  1804  1957  2085  2342  2064  1519  1016   904   713   566   308  30095
* Mar 26, 2009 Thursday     181   151   158   135  242   581  1651  3010  2334  1713  1503  1603  1740  1794  1975  2146  2359  2110  1514  1145   985   793   645   379  30847
  Mar 27, 2009 Friday       223   137   128    85  121   537  1381  2791  2179  1834  1727  1812  2002  2040  2213  2301  2517  2296  1912  1387  1153   947   790   585  33098

  Mar 28, 2009 Saturday     367   268   324   118   83   240   468   632   951  1184  1406  1603  1744  1777  1852  1694  1616  1569  1541  1100   885   795   721   590  23528
  Mar 29, 2009 Sunday       343   345   283   126   90   182   382   321   594   756  1089  1272  1633  1562  1719  1544  1602  1426  1213  1114   971   729   601   278  20175

  Mar 30, 2009 Monday       168   139    77    75  117   587  1500  3109  2393  1775  1695  1718  1866  1860  2056  2224  2400  1923  1354   914   811   719   576   297  30353
  Mar 31, 2009 Tuesday      180   121    85    65  111   532  1458  2251  1882  1113   835   892   942   918  1131  1282  1287   975   646   477   363   368   323   227  18464

AVERAGES FOR DAY GROUPINGS 1 am  2 am  3 am  4 am 5 am  6 am  7 am  8 am  9 am 10 am 11 am  Noon  1 pm  2 pm  3 pm  4 pm  5 pm  6 pm  7 pm  8 pm  9 pm 10 pm 11 pm 12 mid TOTAL

               Mondays      175   114    89    75  118   555  1429  2897  2145  1468  1408  1544  1717  1802  1896  2130  2245  1891  1324   911   810   707   547   294  28290
               Tuesdays     177   136    91   199  194   619  1555  2906  2007  1444  1375  1454  1579  1597  1665  1835  1923  1607  1086   795   667   571   482   277  26240
               Wednesdays   156   117   122    76  128   535  1511  2912  2319  1605  1339  1456  1672  1755  1914  2054  2313  2075  1478  1035   903   751   594   316  29133
               Thursdays    139   165   135    70  155   567  1292  3000  2308  1344  1405  1497  1282  1650  1840  1689  2291  2081  1242  1154   971   627   642   410  29873
               Fridays      189   154   115    91  125   502  1381  2777  2155  1751  1648  1746  1912  1924  2131  2350  2438  2110  1814  1317  1132   981   774   526  32039

               Saturdays    329   235   255   117   98   257   478   560   797  1064  1341  1564  1724  1673  1753  1636  1625  1604  1513  1161   896   811   751   546  22784
               Sundays      334   263   252   150   99   184   372   320   538   690   980  1187  1478  1465  1620  1508  1503  1447  1288  1094   952   716   559   293  19293

  North        Weekday (Monday-Friday):  29115   Weekend (Saturday-Sunday):  21039   TOTAL Month (MADT):   26594

* - Day Contains Some or All Estimated Data Due to Missing Data or Malfunctions at the ATR.
                                                                                                                                          10:41 Wednesday, January 20, 2010 256

                                                                    Minnesota Department of Transportation
                                                                 Continuous Count Station Edited Data for 2009


---------------------------------------------------------------------Station 102, Direction South, March ----------------------------------------------------------------------
                        Hour Ending At:
    DATE         DAY       1 am  2 am  3 am  4 am 5 am  6 am  7 am  8 am  9 am 10 am 11 am  Noon  1 pm  2 pm  3 pm  4 pm  5 pm  6 pm  7 pm  8 pm  9 pm 10 pm 11 pm 12 mid TOTAL

  Mar 1, 2009  Sunday       394   230   223   148   94   123   221   402   594   906  1258  1586  1887  1834  1944  1897  1728  1417  1144   963   683   575   449   335  21035

  Mar 2, 2009  Monday       169    91    85    71   97   290   878  1942  1493  1495  1457  1740  1794  1832  2223  2818  3484  2747  1570  1084   883   694   501   444  29882
  Mar 3, 2009  Tuesday      214   108    93    78  109   314   884  1964  1119  1519  1522  1759  1895  1833  2333  2790  3541  2813  1587  1160   925   767   548   454  30329
  Mar 4, 2009  Wednesday    212   130   107    84  105   322   932  2028  1632  1475  1435  1723  1908  1994  2276  2880  3550  2958  1638  1222  1012   985   666   549  31823
  Mar 5, 2009  Thursday     263   133   118    98  120   335   947  1977  1667  1518  1554  1723  1940  1936  2320  2898  3512  2881  1677  1168  1027  1076   665   522  32075
  Mar 6, 2009  Friday       236   166   117   167  101   289   859  1862  1569  1532  1648  1918  2240  2262  2682  3193  3619  2786  1741  1302  1073  1433   790   676  34261

  Mar 7, 2009  Saturday     370   237   191   132  111   163   354   725  1040  1330  1560  1606  1814  1761  1817  1933  1830  1527  1350  1251   976  1325   907   709  25019
* Mar 8, 2009  Sunday       345   267   217   238  156   115   210   412   555   784  1080  1414  1800  1819  1848  1829  1595  1327  1119  1063   776   562   436   397  20364

  Mar 9, 2009  Monday       177   103    85    94  115   297   827  1843  1520  1416  1536  1756  1929  1924  2280  2859  3537  2713  1610  1238   976   837   538   422  30632
  Mar 10, 2009 Tuesday      211   126   111    93  114   297   882  1815  1529  1454  1469  1689  1793  1700  1862  2216  2304  1509   706   479   375   325   550   280  23889
  Mar 11, 2009 Wednesday    151    65    66    60   96   227   649  1524  1395  1061  1073  1278  1495  1568  1920  2482  3199  2602  1479  1203   994   783   937   497  26804
  Mar 12, 2009 Thursday     246   149   142    86  108   294   835  1830  1509  1404  1377  1676  1788  1808  2189  2910  3551  2818  1730  1294  1049   834   358   517  30502
  Mar 13, 2009 Friday       258   193   145   113  102   267   843  1776  1549  1503  1503  2017  2278  2363  2762  3203  3484  2754  1679  1252  1065  1177   779   673  33738

  Mar 14, 2009 Saturday     392   236   216   147   76   161   332   620   878  1106  1255  1516  1577  1637  1774  1735  1785  1571  1370  1171  1079   931   923   705  23193
  Mar 15, 2009 Sunday       365   290   261   135   88   108   219   448   586   932  1180  1576  1894  1856  1822  1991  1663  1443  1200  1072   790   566   450   386  21321

  Mar 16, 2009 Monday       153   118    94    82  114   294   842  1769  1558  1458  1553  1808  1867  1883  2289  2936  3506  2627  1515  1295  1035   726   544   446  30512
  Mar 17, 2009 Tuesday      206   138   103    97   96   307   903  1865  1566  1467  1543  1854  1998  1908  2393  2945  3585  2770  1624  1327  1096   978   686   579  32034
  Mar 18, 2009 Wednesday    283   190   166   109  111   334   905  1846  1549  1512  1674  1774  1950  1983  2361  2923  3503  2857  1723  1311  1133   857   588   515  32157
  Mar 19, 2009 Thursday     242   174   107    88  120   309   921  1835  1493  1497  1656  1877  1954  1877  2341  3030  3435  2778  1614  1185  1140   877   789   491  31830
  Mar 20, 2009 Friday       240   169   111   120  103   270   829  1691  1532  1546  1591  1922  2058  2144  2446  2853  2224  2138  1227   983   835   783   680   586  29081

  Mar 21, 2009 Saturday     384   287   214   145   77   173   303   574   852  1008  1245  1440  1445  1463  1459  1710  1617  1459  1312  1141   930   930   685   672  21525
  Mar 22, 2009 Sunday       340   248   216   123   79   115   197   418   558   803  1183  1397  1720  1570  1610  1742  1690  1394  1190  1029   721   538   403   386  19670

  Mar 23, 2009 Monday       165    95    79    82  103   273   775  1611  1362  1248  1319  1495  1592  1578  1931  2547  3003  2296  1281   920   769   628   509   449  26110
  Mar 24, 2009 Tuesday      202   121    97    84  113   292   907  1749  1534  1438  1483  1785  1993  1923  2254  2887  3264  2658  1488  1108   860   708   551   439  29938
* Mar 25, 2009 Wednesday    216   131    99    98  115   305   919  1838  1643  1438  1496  1660  1829  1843  2165  2857  3546  2772  1699  1206  1151   950   639   481  31096
* Mar 26, 2009 Thursday     255   140   122    97  123   314   911  1855  1592  1439  1504  1747  1902  1932  2294  2988  3533  2838  1711  1265  1083   925   717   538  31825
  Mar 27, 2009 Friday       278   171   146   110  116   287   856  1747  1518  1545  1627  2017  2240  2215  2554  3195  3435  2578  1722  1365  1247  1141   941   826  33877

  Mar 28, 2009 Saturday     449   270   253   134  129   151   345   643   811  1120  1476  1549  1792  1790  1893  1902  1800  1583  1312  1194  1058   997   949   731  24331
  Mar 29, 2009 Sunday       437   277   234   164   82   140   242   402   580   848  1194  1579  1819  1838  1886  1886  1807  1598  1301  1138   816   621   512   397  21798

  Mar 30, 2009 Monday       192    98    96    73  120   303   922  1862  1652  1498  1606  1835  1929  1968  2318  2976  3419  2894  1591  1240   958   777   547   427  31301
  Mar 31, 2009 Tuesday      222   135   109    81  110   294   825  1379   860   966   838  1010  1134  1072  1429  1931  1901  1425   751   580   495   440   344   333  18664

AVERAGES FOR DAY GROUPINGS 1 am  2 am  3 am  4 am 5 am  6 am  7 am  8 am  9 am 10 am 11 am  Noon  1 pm  2 pm  3 pm  4 pm  5 pm  6 pm  7 pm  8 pm  9 pm 10 pm 11 pm 12 mid TOTAL

               Mondays      171   101    88    80  110   291   849  1805  1517  1423  1494  1727  1822  1837  2208  2827  3390  2655  1513  1155   924   732   528   438  29687
               Tuesdays     211   126   103    87  108   301   880  1754  1322  1369  1371  1619  1763  1687  2054  2554  2919  2235  1231   931   750   644   536   417  26971
               Wednesdays   216   129   110    88  107   297   851  1809  1555  1372  1420  1609  1796  1847  2181  2786  3450  2797  1635  1236  1073   894   708   511  30470
               Thursdays    201   149   122    74  118   313   723  1874  1565  1172  1523  1756  1517  1888  2286  2365  3508  2829  1346  1228  1075   742   632   517  31558
               Fridays      253   175   130   128  106   278   847  1769  1542  1532  1592  1969  2204  2246  2611  3111  3191  2564  1592  1226  1055  1134   798   690  32739

               Saturdays    399   258   219   140   98   162   334   641   895  1141  1384  1528  1657  1663  1736  1820  1758  1535  1336  1189  1011  1046   866   704  23517
               Sundays      376   262   230   162  100   120   218   416   575   855  1179  1510  1824  1783  1822  1869  1697  1436  1191  1053   757   572   450   380  20838

  South        Weekday (Monday-Friday):  30285   Weekend (Saturday-Sunday):  22178   TOTAL Month (MADT):   27762

* - Day Contains Some or All Estimated Data Due to Missing Data or Malfunctions at the ATR.
                                                                                                                                          10:41 Wednesday, January 20, 2010 257

                                                                    Minnesota Department of Transportation
                                                                 Continuous Count Station Edited Data for 2009


---------------------------------------------------------------------Station 102, Direction North, April ----------------------------------------------------------------------
                        Hour Ending At:
    DATE         DAY       1 am  2 am  3 am  4 am 5 am  6 am  7 am  8 am  9 am 10 am 11 am  Noon  1 pm  2 pm  3 pm  4 pm  5 pm  6 pm  7 pm  8 pm  9 pm 10 pm 11 pm 12 mid TOTAL

  Apr 1, 2009  Wednesday    113   104    75    88  128   537  1441  2830  2210  1535  1425  1527  1679  1808  1853  1887  2420  2105  1487  1021   894   755   590   353  28865
  Apr 2, 2009  Thursday     184   203   144    79  120   593  1601  3114  2293  1809  1562  1706  1817  1805  1916  2353  2409  2361  1597  1122   896   780   716   397  31577
* Apr 3, 2009  Friday       210   147   125    89  153   561  1608  3066  2524  1838  1707  1878  2054  2065  2182  2407  2567  2263  1957  1401  1151  1012   877   551  34393

  Apr 4, 2009  Saturday     327   253   249   137   93   202   431   591   826  1214  1323  1660  1788  1813  1802  1570  1712  1565  1383  1126   988   847   769   464  23133
* Apr 5, 2009  Sunday       316   250   320   278  134    95   178   364   291   570   715  1109  1272  1376  1521  1497  1435  1393  1277  1266   980   872   719   609  18837

  Apr 6, 2009  Monday       310   177   113    86   65    97   529  1324  2831  2231  1555  1627  1874  1796  1870  1935  2151  1870  1281   941   826   713   511   332  27045
  Apr 7, 2009  Tuesday      221   136    67    71  113   546  1506  2899  2186  1751  1541  1568  1755  1745  1825  1971  2113  2005  1486  1041   928   812   613   351  29250
* Apr 8, 2009  Wednesday    179   123    91    66  108   517  1526  2832  2460  1683  1548  1582  1854  1806  1852  1934  2303  2036  1462  1071   952   851   646   325  29807
  Apr 9, 2009  Thursday     209   174   133    76  114   529  1488  2791  2088  1634  1526  1672  1830  1883  1926  2102  2358  2029  1533  1083  1031   865   722   429  30225
  Apr 10, 2009 Friday       250   163   106    74  100   466  1170  2349  1884  1652  1656  1825  2084  1979  2092  2022  1969  1822  1529  1218  1008   906   768   460  29552

  Apr 11, 2009 Saturday     287   206   216   115   96   223   449   439   841  1087  1166  1365  1554  1473  1642  1414  1338  1258  1074  1055   838   763   702   482  20083
  Apr 12, 2009 Sunday       301   199   209    75   73   181   354   378   716   791  1090  1126  1373  1186  1220  1244  1323  1526  1719  1724  1608  1195   824   424  20859

  Apr 13, 2009 Monday       191   119    81    69  104   515  1437  2960  2237  1829  1786  1679  1897  1940  1989  2171  2308  2076  1481  1063   927   744   581   310  30494
  Apr 14, 2009 Tuesday      180   112    89    66  103   571  1558  3224  2512  1840  1627  1712  1930  1865  2019  2238  2336  2028  1435  1041   926   819   599   319  31149
  Apr 15, 2009 Wednesday    180   100    90    90  108   559  1587  3142  2433  1788  1633  1825  1878  1911  2004  2269  2361  2146  1537  1147   979   858   623   339  31587
  Apr 16, 2009 Thursday     204   208   127    71  100   541  1632  3167  2321  1723  1590  1672  1865  1931  1912  2363  2423  2391  1809  1161   969   864   756   365  32165
  Apr 17, 2009 Friday       212   159   111    82  125   516  1476  2868  2263  1724  1698  1821  1984  2056  2298  2430  2585  2296  2030  1532  1272  1142   923   547  34150

  Apr 18, 2009 Saturday     357   260   232   134  112   253   461   669  1129  1211  1357  1604  1611  1641  1698  1700  1558  1627  1600  1212   959   895   814   574  23668
  Apr 19, 2009 Sunday       354   221   223   125   75   220   378   514   643   803   948  1137  1423  1543  1513  1363  1429  1382  1310  1083   851   716   548   328  19130

  Apr 20, 2009 Monday       172    87    87    68  118   538  1478  3106  2483  1815  1554  1656  1792  1818  1992  2083  2263  2051  1351   987   854   743   517   292  29905
  Apr 21, 2009 Tuesday      150   101    90    49  108   567  1595  3277  2371  1754  1635  1704  1757  1736  1845  2140  2272  2020  1472  1100   949   739   587   298  30316
  Apr 22, 2009 Wednesday    165   109    84    66  113   562  1611  3134  2475  1712  1549  1554  1718  1801  1891  2136  2354  2118  1489  1145  1067   837   601   328  30619
  Apr 23, 2009 Thursday     178   197    97    61  116   571  1610  3034  2548  1766  1607  1617  1762  1813  1799  2242  2386  2119  1640  1231  1111   877   692   389  31463
  Apr 24, 2009 Friday       229   127   104    74  132   475  1380  2751  2226  1702  1661  1766  2145  2140  2123  2351  2420  2086  1848  1348  1078  1042   862   516  32586

  Apr 25, 2009 Saturday     303   229   271    95  114   235   476   604   936  1171  1348  1579  1679  1643  1755  1649  1563  1519  1402  1132   959   908   868   602  23040
  Apr 26, 2009 Sunday       350   233   233   104   86   203   349   400   565   807  1044  1123  1528  1472  1566  1422  1411  1358  1242  1058   872   696   604   281  19007

  Apr 27, 2009 Monday       169   118    91    66  112   565  1542  3153  2417  1765  1538  1558  1770  1898  1938  2107  2279  2088  1537   994   937   768   594   327  30331
  Apr 28, 2009 Tuesday      200   112    92    57  105   583  1675  3175  2455  1743  1558  1739  1733  1802  1912  2203  2237  2032  1581  1099   982   803   632   314  30824
  Apr 29, 2009 Wednesday    183    99    83    77  120   589  1616  3223  2467  1735  1463  1624  1752  1858  1982  2211  2358  1934  1457  1110   957   771   579   318  30566
  Apr 30, 2009 Thursday     194   160   115    75  110   550  1564  3021  2375  1746  1473  1669  1851  1868  1902  2331  2499  2215  1689  1326  1135  1002   769   455  32094

AVERAGES FOR DAY GROUPINGS 1 am  2 am  3 am  4 am 5 am  6 am  7 am  8 am  9 am 10 am 11 am  Noon  1 pm  2 pm  3 pm  4 pm  5 pm  6 pm  7 pm  8 pm  9 pm 10 pm 11 pm 12 mid TOTAL

               Mondays      211   125    93    72  100   429  1247  2636  2492  1910  1608  1630  1833  1863  1947  2074  2250  2021  1413   996   886   742   551   315  29444
               Tuesdays     188   115    85    61  107   567  1584  3144  2381  1772  1590  1681  1794  1787  1900  2138  2240  2021  1494  1070   946   793   608   321  30385
               Wednesdays   164   107    85    77  115   553  1556  3032  2409  1691  1524  1622  1776  1837  1916  2087  2359  2068  1486  1099   970   814   608   333  30289
               Thursdays    242   188   123    91  112   557  1974  3025  2325  2170  1552  1667  2281  1860  1891  2848  2415  2223  2067  1185  1028  1097   731   407  31505
               Fridays      225   149   112    80  128   505  1409  2759  2224  1729  1681  1823  2067  2060  2174  2303  2385  2117  1841  1375  1127  1026   858   519  32670

               Saturdays    319   237   242   120  104   228   454   576   933  1171  1299  1552  1658  1643  1724  1583  1543  1492  1365  1131   936   853   788   531  22481
               Sundays      330   226   246   146   92   175   315   414   554   743   949  1124  1399  1394  1455  1382  1400  1415  1387  1283  1078   870   674   411  19458

  North        Weekday (Monday-Friday):  30859   Weekend (Saturday-Sunday):  20970   TOTAL Month (MADT):   28224

* - Day Contains Some or All Estimated Data Due to Missing Data or Malfunctions at the ATR.
                                                                                                                                          10:41 Wednesday, January 20, 2010 258

                                                                    Minnesota Department of Transportation
                                                                 Continuous Count Station Edited Data for 2009


---------------------------------------------------------------------Station 102, Direction South, April ----------------------------------------------------------------------
                        Hour Ending At:
    DATE         DAY       1 am  2 am  3 am  4 am 5 am  6 am  7 am  8 am  9 am 10 am 11 am  Noon  1 pm  2 pm  3 pm  4 pm  5 pm  6 pm  7 pm  8 pm  9 pm 10 pm 11 pm 12 mid TOTAL

  Apr 1, 2009  Wednesday    150    90    80    81  117   275   837  1742  1556  1350  1372  1650  1767  1829  2148  2719  3324  2747  1652  1322  1165  1044   802   592  30411
  Apr 2, 2009  Thursday     232   145   116    88  137   322   932  1942  1629  1564  1569  1825  2003  1931  2274  2914  3518  2841  1668  1406  1236  1125   819   563  32799
* Apr 3, 2009  Friday       267   161   129    93  110   295   953  1924  1673  1596  1742  1993  2097  2233  2596  3233  3529  2825  1791  1326  1271  1297  1190   809  35133

  Apr 4, 2009  Saturday     434   295   242   140  113   179   337   747   845  1289  1375  1561  1669  1749  1785  1934  1855  1568  1285  1291  1160  1096  1047   737  24733
* Apr 5, 2009  Sunday       376   261   228   300  152   104   117   214   440   524   807  1148  1359  1734  1760  1790  1813  1761  1527  1250  1082   791   557   561  20656

  Apr 6, 2009  Monday       409   173   117   101   79   112   281   830  1629  1456  1579  1887  1952  1878  2241  2715  3370  2568  1431  1120   890   745   601   472  28636
  Apr 7, 2009  Tuesday      269   120    94    82  101   293   878  1644  1518  1406  1565  1786  1905  1858  2151  2755  3408  2652  1629  1261  1075   821   594   505  30370
* Apr 8, 2009  Wednesday    221   152    97    88  100   274   888  1749  1669  1511  1499  1778  2009  1918  2306  2823  3387  2711  1667  1296  1111   844   642   570  31310
  Apr 9, 2009  Thursday     263   162   131    81  117   269   845  1648  1466  1519  1650  1861  2040  2044  2346  2918  3427  2774  1703  1383  1225   917   652   515  31956
  Apr 10, 2009 Friday       294   209   138    96   98   188   721  1261  1311  1569  1776  2065  2504  2475  2760  3179  3205  2336  1624  1223  1038   896   763   689  32418

  Apr 11, 2009 Saturday     405   240   209   125   87   127   306   584   792  1258  1472  1473  1528  1465  1536  1582  1774  1463  1272  1151  1029   805   722   569  21974
  Apr 12, 2009 Sunday       310   210   199    92   72    76   218   459   587   852  1101  1323  1674  1619  1537  1890  1507  1360  1280  1101   852   557   434   380  19690

  Apr 13, 2009 Monday       155    97    64    82  120   290   856  1856  1558  1428  1615  1862  1877  1875  2232  2876  3460  2688  1546  1191  1079   789   539   453  30588
  Apr 14, 2009 Tuesday      230   118   102    76   99   293   899  1948  1724  1530  1631  1856  2010  1959  2337  2979  3602  2826  1803  1320  1072   905   605   500  32424
  Apr 15, 2009 Wednesday    222   138   113   103   91   325   954  1846  1776  1565  1675  1852  2087  2260  2363  3100  3602  2978  1745  1400  1224   928   677   556  33580
  Apr 16, 2009 Thursday     262   167   117    96  115   304   942  2005  1792  1551  1663  1873  1972  1982  2424  3074  3634  2927  1866  1315  1179  1229   787   561  33837
  Apr 17, 2009 Friday       291   182   142    87  128   288   873  1894  1631  1636  1723  2074  2264  2523  2833  3317  3589  2744  1755  1368  1157  1359  1051   741  35650

  Apr 18, 2009 Saturday     434   260   226   150  104   182   387   668   943  1371  1597  1718  1698  1601  1654  1843  1670  1593  1360  1141  1028  1158   949   667  24402
  Apr 19, 2009 Sunday       383   263   237   142   87   122   249   446   568   871  1122  1428  1735  1653  1523  1756  1752  1494  1208  1106   845   597   475   352  20414

  Apr 20, 2009 Monday       163    78    87    77  132   317   928  1912  1613  1447  1599  1768  1865  1941  2313  3006  3511  2798  1548  1216   959   777   534   454  31043
  Apr 21, 2009 Tuesday      229   131    75    76  112   297   973  1973  1685  1589  1490  1768  1974  1845  2210  3024  3487  2749  1594  1416  1115   913   595   487  31807
  Apr 22, 2009 Wednesday    239   140    96    95  108   281   947  1911  1764  1540  1526  1808  1882  1872  2163  2929  3597  2915  1673  1292  1182   868   630   521  31979
  Apr 23, 2009 Thursday     258   152   124    89  128   320   969  1892  1700  1646  1623  1834  2063  1968  2417  3142  3559  2907  1732  1397  1146   956   670   508  33200
  Apr 24, 2009 Friday       281   172   130   106  109   273   938  1878  1713  1662  1723  2011  2336  2316  2698  3263  3354  2656  1644  1206  1137  1030   883   792  34311

  Apr 25, 2009 Saturday     389   270   228   138  110   154   408   732   971  1328  1415  1544  1670  1654  1671  1798  1790  1546  1296  1190  1034  1049   919   789  24093
  Apr 26, 2009 Sunday       456   266   237   142   95   105   244   465   559   900  1103  1464  1828  1685  1555  1813  1582  1230  1108   865   635   545   470   401  19753

  Apr 27, 2009 Monday       156   107    80    82  129   331   974  1877  1672  1518  1545  1752  1859  1821  2243  2801  3529  2668  1500  1218  1097   866   753   557  31135
  Apr 28, 2009 Tuesday      298   150   103    80  116   333   967  1880  1725  1532  1640  1762  1937  1946  2423  3044  3665  2875  1676  1286  1196   849   635   483  32601
  Apr 29, 2009 Wednesday    238   155   115    87  112   342   977  1998  1751  1593  1550  1791  1883  1940  2246  2928  3530  2904  1566  1169  1023   861   603   544  31906
  Apr 30, 2009 Thursday     267   172   114    90  123   297   978  1883  1707  1538  1535  1790  1931  1928  2308  3108  3628  2899  1797  1398  1188   993   729   610  33011

AVERAGES FOR DAY GROUPINGS 1 am  2 am  3 am  4 am 5 am  6 am  7 am  8 am  9 am 10 am 11 am  Noon  1 pm  2 pm  3 pm  4 pm  5 pm  6 pm  7 pm  8 pm  9 pm 10 pm 11 pm 12 mid TOTAL

               Mondays      221   114    87    86  115   263   760  1619  1618  1462  1585  1817  1888  1879  2257  2850  3468  2681  1506  1186  1006   794   607   484  30351
               Tuesdays     257   130    94    79  107   304   929  1861  1663  1514  1582  1793  1957  1902  2280  2951  3541  2776  1676  1321  1115   872   607   494  31801
               Wednesdays   214   135   100    91  106   299   921  1849  1703  1512  1524  1776  1926  1964  2245  2900  3488  2851  1661  1296  1141   909   671   557  31837
               Thursdays    321   160   120   111  124   302  1167  1874  1659  1955  1608  1837  2502  1971  2354  3789  3553  2870  2192  1380  1195  1305   731   551  32961
               Fridays      283   181   135    96  111   261   871  1739  1582  1616  1741  2036  2300  2387  2722  3248  3419  2640  1704  1281  1151  1146   972   758  34378

               Saturdays    416   266   226   138  104   161   360   683   888  1312  1465  1574  1641  1617  1662  1789  1772  1543  1303  1193  1063  1027   909   691  23801
               Sundays      381   250   225   169  102   102   207   396   539   787  1033  1341  1649  1673  1594  1812  1664  1461  1281  1081   854   623   484   424  20128

  South        Weekday (Monday-Friday):  32266   Weekend (Saturday-Sunday):  21965   TOTAL Month (MADT):   29527

* - Day Contains Some or All Estimated Data Due to Missing Data or Malfunctions at the ATR.
                                                                                                                                          10:41 Wednesday, January 20, 2010 259

                                                                    Minnesota Department of Transportation
                                                                 Continuous Count Station Edited Data for 2009


---------------------------------------------------------------------Station 102, Direction North, May ------------------------------------------------------------------------
                        Hour Ending At:
    DATE         DAY       1 am  2 am  3 am  4 am 5 am  6 am  7 am  8 am  9 am 10 am 11 am  Noon  1 pm  2 pm  3 pm  4 pm  5 pm  6 pm  7 pm  8 pm  9 pm 10 pm 11 pm 12 mid TOTAL

  May 1, 2009  Friday       233   194   145    82  140   510  1463  2954  2486  1919  1885  2018  2002  2148  2231  2500  2630  2281  2107  1523  1388  1318   985   567  35709

  May 2, 2009  Saturday     314   241   252   128  117   248   518   594  1084  1370  1427  1709  1833  1830  1758  1668  1667  1645  1566  1244  1105  1089   968   587  24962
  May 3, 2009  Sunday       393   254   266   136  120   219   374   398   722   962  1203  1318  1642  1472  1572  1602  1739  1596  1381  1200  1060   969   676   346  21620

  May 4, 2009  Monday       214   129   105    81  102   553  1526  3101  2415  1792  1651  1713  1836  1971  1946  2204  2284  2074  1511  1011   961   743   592   330  30845
  May 5, 2009  Tuesday      173    98    83    68  116   614  1678  3146  2391  1743  1562  1676  1906  1781  1969  2192  2300  2044  1445  1015   924   794   590   298  30606
  May 6, 2009  Wednesday    157   120   107    75  111   578  1599  3169  2382  1946  1596  1786  1947  1907  1963  2166  2399  2190  1591  1212   947   884   630   379  31841
  May 7, 2009  Thursday     209   150   104    87  114   584  1679  3211  2532  1822  1664  1792  1867  1958  1985  2296  2609  2318  1665  1271  1173  1067   828   428  33413
  May 8, 2009  Friday       235   170   101    77  126   500  1412  2791  2304  1863  1777  1958  2027  2076  2206  2432  2506  1996  1797  1419  1256  1120   938   588  33675

  May 9, 2009  Saturday     360   242   215   135  130   236   487   605   972  1056  1307  1490  1630  1572  1747  1536  1496  1397  1351  1069   924   796   796   554  22103
  May 10, 2009 Sunday       348   201   215   125   84   207   362   340   558   928  1289  1482  1799  1599  1635  1560  1541  1475  1456  1272  1106   824   649   352  21407

  May 11, 2009 Monday       188    94    73    66  134   580  1522  2974  2290  1796  1535  1708  1873  1964  1976  2193  2369  2047  1372  1079   971   834   581   296  30515
  May 12, 2009 Tuesday      167   131    93    68  118   586  1570  3041  2380  1803  1599  1741  1748  1868  1989  2245  2280  1979  1446  1028   901   787   586   333  30487
  May 13, 2009 Wednesday    169   122    97    72  115   568  1580  3001  2395  1782  1612  1687  1867  2021  1979  2163  2481  2260  1850  1230  1016   876   687   428  32058
  May 14, 2009 Thursday     241   179   135    93  122   559  1611  3014  2363  1698  1650  1762  1934  2005  2008  2352  2419  2167  1680  1183  1081   909   775   434  32374
  May 15, 2009 Friday       259   168   132    99  142   495  1437  2699  2293  1839  1872  2004  2196  2253  2406  2483  2713  2298  1772  1334  1205  1036   792   504  34431

  May 16, 2009 Saturday     323   219   220   102  102   245   445   576  1038  1481  1732  1701  1614  1580  1685  1708  1655  1512  1455  1304   986   891   788   524  23886
  May 17, 2009 Sunday       325   227   218   123   88   194   334   383   634   891  1157  1229  1466  1506  1613  1520  1512  1525  1455  1125  1029   854   698   377  20483

  May 18, 2009 Monday       174   132    93    58  110   570  1541  3103  2421  1723  1602  1703  2149  2056  2249  2277  2357  1902  1494  1029   992   876   621   351  31583
  May 19, 2009 Tuesday      181   134    89    75  107   589  1622  3048  2466  1746  1624  1662  1787  1864  1915  2256  2343  1910  1450  1054   937   812   620   288  30579
* May 20, 2009 Wednesday    180   115    94    75  151   676  1868  3177  2460  1730  1443  1371  1592  1746  1766  2090  2403  2001  1368  1021  1070   816   686   324  30223
* May 21, 2009 Thursday     192   160   115    94  189   633  1876  3290  2397  1726  1624  1768  1949  1985  2075  2304  2465  2209  1745  1159  1000   907   731   428  33021
* May 22, 2009 Friday       232   164   126   140  355   490  1337  2522  2079  1627  1557  1678  1877  1859  1941  2204  2236  2168  1779  1384  1292  1071   915   547  31580

* May 23, 2009 Saturday     366   269   269   133  139   269   532   650   909  1194  1530  1651  1576  1648  1734  1715  1644  1501  1429  1175   983   906   835   561  23618
* May 24, 2009 Sunday       329   237   403   194  111   208   434   420   624   919  1207  1359  1521  1563  1636  1583  1577  1508  1391  1211  1001   785   663   343  21227

* May 25, 2009 Monday       127    94    69    62  124   484  1310  2383  1937  1378  1207  1285  1428  1463  1557  1672  1735  1580  1024   739   642   552   458   261  23571
* May 26, 2009 Tuesday      160   114    87    74  136   622  1780  3109  2399  1739  1534  1664  1818  1773  1913  2063  2220  1963  1446   999   903   761   613   312  30202
* May 27, 2009 Wednesday    173   111    90    73  145   650  1795  3052  2363  1662  1387  1317  1530  1678  1697  2008  2309  1923  1314   981  1028   784   659   309  29038
* May 28, 2009 Thursday     184   154   111    90  181   609  1802  3161  2303  1658  1560  1698  1873  1907  1993  2214  2369  2123  1677  1113   960   871   703   412  31726
* May 29, 2009 Friday       222   158   122   134  341   470  1285  2423  1997  1563  1496  1612  1803  1786  1865  2118  2148  2083  1709  1330  1242  1029   879   526  30341

* May 30, 2009 Saturday     352   259   259   127  133   259   512   624   873  1148  1470  1587  1514  1584  1666  1647  1580  1443  1373  1129   945   870   803   534  22691
* May 31, 2009 Sunday       317   227   387   186  107   200   417   404   600   883  1159  1305  1461  1501  1572  1521  1515  1448  1337  1163   961   755   637   331  20394


AVERAGES FOR DAY GROUPINGS 1 am  2 am  3 am  4 am 5 am  6 am  7 am  8 am  9 am 10 am 11 am  Noon  1 pm  2 pm  3 pm  4 pm  5 pm  6 pm  7 pm  8 pm  9 pm 10 pm 11 pm 12 mid TOTAL

               Mondays      176   112    85    67  118   547  1475  2890  2266  1672  1499  1602  1822  1864  1932  2087  2186  1901  1350   965   892   751   563   310  29129
               Tuesdays     170   119    88    71  119   603  1663  3086  2409  1758  1580  1686  1815  1822  1947  2189  2286  1974  1447  1024   916   789   602   308  30469
               Wednesdays   170   117    97    74  131   618  1711  3100  2400  1780  1510  1540  1734  1838  1851  2107  2398  2094  1531  1111  1015   840   666   360  30790
               Thursdays    165   161   116    73  152   596  1394  3169  2399  1381  1625  1755  1525  1964  2015  1833  2466  2204  1353  1182  1054   751   759   426  32634
               Fridays      236   171   125   106  221   493  1387  2678  2232  1762  1717  1854  1981  2024  2130  2347  2447  2165  1833  1398  1277  1115   902   546  33147

               Saturdays    343   246   243   125  124   251   499   610   975  1250  1493  1628  1633  1643  1718  1655  1608  1500  1435  1184   989   910   838   552  23452
               Sundays      342   229   298   153  102   206   384   389   628   917  1203  1339  1578  1528  1606  1557  1577  1510  1404  1194  1031   837   665   350  21026

  North        Weekday (Monday-Friday):  31234   Weekend (Saturday-Sunday):  22239   TOTAL Month (MADT):   28394

* - Day Contains Some or All Estimated Data Due to Missing Data or Malfunctions at the ATR.
                                                                                                                                          10:41 Wednesday, January 20, 2010 260

                                                                    Minnesota Department of Transportation
                                                                 Continuous Count Station Edited Data for 2009


---------------------------------------------------------------------Station 102, Direction South, May ------------------------------------------------------------------------
                        Hour Ending At:
    DATE         DAY       1 am  2 am  3 am  4 am 5 am  6 am  7 am  8 am  9 am 10 am 11 am  Noon  1 pm  2 pm  3 pm  4 pm  5 pm  6 pm  7 pm  8 pm  9 pm 10 pm 11 pm 12 mid TOTAL

  May 1, 2009  Friday       314   189   181   110  119   303   987  1946  1740  1811  1869  2142  2311  2343  2784  3389  3674  2777  1773  1421  1306  1344  1040   866  36739

  May 2, 2009  Saturday     521   382   306   185  133   190   416   820  1051  1415  1559  1824  1790  1691  1968  1907  1895  1569  1371  1262  1105  1168   954   832  26314
  May 3, 2009  Sunday       447   351   331   195  134   172   329   609   746   989  1341  1649  1986  1942  1943  2069  1819  1569  1317  1215   992   765   515   460  23885

  May 4, 2009  Monday       228   139   103    92  128   312   958  1934  1653  1560  1717  1827  2002  2017  2286  2958  3549  2738  1616  1167  1049   834   592   503  31962
  May 5, 2009  Tuesday      230   138   103    65  103   313   993  1894  1768  1592  1586  1817  2039  1853  2265  3115  3541  2674  1694  1206  1025   815   602   519  31950
  May 6, 2009  Wednesday    243   148   117    87  122   304   985  1930  1736  1580  1627  1926  1942  2017  2329  3000  3608  2967  1731  1333  1162   919   649   530  32992
  May 7, 2009  Thursday     280   160   126   107  125   315  1001  1939  1850  1701  1686  1936  2097  2086  2418  3155  3740  2936  1903  1651  1276  1038   804   560  34890
  May 8, 2009  Friday       329   186   143   116  121   266   940  1832  1676  1648  1687  2086  2445  2352  2702  3189  3516  2748  1702  1365  1169  1104   805   757  34884

  May 9, 2009  Saturday     420   271   196   133  106   161   396   720   922  1318  1515  1548  1605  1575  1651  1742  1559  1414  1253  1108   993   855   735   770  22966
  May 10, 2009 Sunday       456   261   243   132   86   112   243   442   673   999  1269  1586  1873  1806  1913  1950  1785  1871  1555  1261   943   733   507   385  23084

  May 11, 2009 Monday       204   107    82    81  126   325   982  1888  1649  1593  1702  1891  1923  1973  2265  2948  3562  2757  1681  1280  1039   833   547   471  31909
  May 12, 2009 Tuesday      223   115   110    88  119   310  1026  1927  1676  1521  1586  1810  1982  1955  2444  3008  3500  2822  1674  1221   996   806   559   490  31968
  May 13, 2009 Wednesday    240   147   105    86  121   302   964  1827  1726  1462  1578  1922  2051  1964  2492  3086  3761  2871  1787  1384  1120   946   999   761  33702
  May 14, 2009 Thursday     278   165   104    94  127   326  1059  1919  1716  1649  1691  1952  2216  2097  2489  3227  3669  2920  1897  1343  1158   949   734   582  34361
  May 15, 2009 Friday       250   197   141   108  125   298   959  1876  1636  1712  1780  2157  2319  2464  2712  3314  3599  2836  1752  1341  1131  1123   854   745  35429

  May 16, 2009 Saturday     363   254   203   144  114   191   426   709  1017  1214  1554  1596  1763  1767  1775  2034  1868  1771  1504  1345  1196  1041   938   758  25545
  May 17, 2009 Sunday       448   286   256   143   88   157   285   518   655  1077  1365  1709  1911  2091  1980  1986  1734  1637  1263  1096   973   773   539   436  23406

  May 18, 2009 Monday       171   112    81    92  128   327  1004  1885  1656  1524  1787  1943  2064  1934  2288  3048  3704  3087  1640  1222  1072   823   598   489  32679
  May 19, 2009 Tuesday      222   144   106    70  120   329  1045  1920  1615  1621  1569  1860  2082  2008  2311  2908  3591  2893  1671  1144   909   819   609   467  32033
* May 20, 2009 Wednesday    232   151   105   105  117   350  1076  1952  1654  1578  1624  1765  1987  2023  2371  3084  3552  2890  2296  1374  1177   967   615   457  33502
* May 21, 2009 Thursday     259   164   142   117  121   352  1072  1983  1726  1638  1623  1906  2038  2146  2404  3106  3672  2987  1853  1405  1134   937   697   551  34033
* May 22, 2009 Friday       269   185   136   116  114   319  1013  1873  1764  1693  1795  2084  2252  2290  2705  3263  3567  2829  1770  1365  1244  1120   909   755  35430

* May 23, 2009 Saturday     437   285   231   139  126   184   465   736  1024  1319  1585  1588  1694  1692  1789  1803  1680  1535  1432  1298  1135  1002   884   787  24850
* May 24, 2009 Sunday       422   290   249   134  102   139   273   483   656  1067  1320  1648  1992  1963  1879  2008  1899  1592  1329  1113   834   707   501   380  22980

* May 25, 2009 Monday       135    82    64    67   94   274   792  1463  1239  1149  1255  1399  1483  1457  1754  2284  2699  2111  1195   878   705   629   409   358  23975
* May 26, 2009 Tuesday      202   140   101    94  107   338  1053  1857  1608  1445  1556  1741  1939  1926  2246  2914  3443  2752  1646  1216   998   821   588   503  31234
* May 27, 2009 Wednesday    222   145   101   101  113   336  1034  1876  1589  1516  1560  1696  1909  1944  2278  2963  3413  2777  2206  1320  1131   929   591   439  32189
* May 28, 2009 Thursday     249   158   136   113  117   338  1030  1905  1658  1574  1559  1832  1958  2062  2310  2984  3528  2869  1781  1349  1090   901   669   528  32698
* May 29, 2009 Friday       259   177   130   112  110   307   973  1799  1694  1627  1725  2002  2164  2200  2599  3135  3427  2718  1700  1311  1196  1076   873   727  34041

* May 30, 2009 Saturday     419   273   222   133  122   176   447   707   984  1267  1523  1526  1628  1626  1719  1732  1614  1475  1376  1247  1091   962   850   756  23875
* May 31, 2009 Sunday       406   278   239   128   98   133   263   464   630  1025  1268  1584  1914  1886  1805  1929  1825  1530  1277  1069   802   679   481   366  22079


AVERAGES FOR DAY GROUPINGS 1 am  2 am  3 am  4 am 5 am  6 am  7 am  8 am  9 am 10 am 11 am  Noon  1 pm  2 pm  3 pm  4 pm  5 pm  6 pm  7 pm  8 pm  9 pm 10 pm 11 pm 12 mid TOTAL

               Mondays      185   110    83    83  119   310   934  1793  1549  1457  1615  1765  1868  1845  2148  2810  3379  2673  1533  1137   966   780   537   455  30131
               Tuesdays     219   134   105    79  112   323  1029  1900  1667  1545  1574  1807  2011  1936  2317  2986  3519  2785  1671  1197   982   815   590   495  31796
               Wednesdays   234   148   107    95  118   323  1015  1896  1676  1534  1597  1827  1972  1987  2368  3033  3584  2876  2005  1353  1148   940   714   547  33096
               Thursdays    213   162   127    86  123   333   832  1937  1738  1312  1640  1907  1662  2098  2405  2494  3652  2928  1487  1437  1165   765   726   555  33996
               Fridays      284   187   146   112  118   299   974  1865  1702  1698  1771  2094  2298  2330  2700  3258  3557  2782  1739  1361  1209  1153   896   770  35305

               Saturdays    432   293   232   147  120   180   430   738  1000  1307  1547  1616  1696  1670  1780  1844  1723  1553  1387  1252  1104  1006   872   781  24710
               Sundays      436   293   264   146  102   143   279   503   672  1031  1313  1635  1935  1938  1904  1988  1812  1640  1348  1151   909   731   509   405  23087

  South        Weekday (Monday-Friday):  32865   Weekend (Saturday-Sunday):  23899   TOTAL Month (MADT):   30051

* - Day Contains Some or All Estimated Data Due to Missing Data or Malfunctions at the ATR.

