                                                                                                                                            11:44 Wednesday, April 13, 2011  73

                                                                    Minnesota Department of Transportation
                                                                 Continuous Count Station Edited Data for 2010


---------------------------------------------------------------------Station 26, Direction North, July ------------------------------------------------------------------------
                        Hour Ending At:
    DATE         DAY       1 am  2 am  3 am  4 am 5 am  6 am  7 am  8 am  9 am 10 am 11 am  Noon  1 pm  2 pm  3 pm  4 pm  5 pm  6 pm  7 pm  8 pm  9 pm 10 pm 11 pm 12 mid TOTAL

  Jul 26, 2010 Monday        15    23    30    14   11    38    83    75    89   102   141   176   143   197   256   235   395    56   271   455   385   268   253   149   3860
  Jul 27, 2010 Tuesday      100    91   122    78   84   240   306   303   101   123   154   142   185   188   202   242   237   207   457   453   376   298   228   205   5122
  Jul 28, 2010 Wednesday    112    82   146    97  103   239   334   338   351   376   426   453   452   472   504   526   500   582   582   506   473   365   389   212   8620
  Jul 29, 2010 Thursday       0     0     0     0    0     0     0     0    58   537   672   772   727   803   905   909   858   889   680   651   498   402   302   211   9874
  Jul 30, 2010 Friday       167   121   165   114  127   234   275   379   462   696   836   949  1072  1115  1172  1218  1024  1028   847   683   601   461   372   281  14399

  Jul 31, 2010 Saturday     187   131   105    79   93   137   177   300   533   812   942  1060   893   872   923   812   778   703   551   467   420   391   308   228  11902

AVERAGES FOR DAY GROUPINGS 1 am  2 am  3 am  4 am 5 am  6 am  7 am  8 am  9 am 10 am 11 am  Noon  1 pm  2 pm  3 pm  4 pm  5 pm  6 pm  7 pm  8 pm  9 pm 10 pm 11 pm 12 mid TOTAL

               Mondays       15    23    30    14   11    38    83    75    89   102   141   176   143   197   256   235   395    56   271   455   385   268   253   149   3860
               Tuesdays     100    91   122    78   84   240   306   303   101   123   154   142   185   188   202   242   237   207   457   453   376   298   228   205   5122
               Wednesdays   112    82   146    97  103   239   334   338   351   376   426   453   452   472   504   526   500   582   582   506   473   365   389   212   8620
               Thursdays      .     0     0     .    0     0     .     0    58     .   672   772     .   803   905     .   858   889     .   651   498     .   302   211   9874
               Fridays      167   121   165   114  127   234   275   379   462   696   836   949  1072  1115  1172  1218  1024  1028   847   683   601   461   372   281  14399

               Saturdays    187   131   105    79   93   137   177   300   533   812   942  1060   893   872   923   812   778   703   551   467   420   391   308   228  11902
               Sundays        .     .     .     .    .     .     .     .     .     .     .     .     .     .     .     .     .     .     .     .     .     .     .     .      .

  North        WEEKDAY: (Mon-Fri)   8375  or (Mon-Thur)   6869    WEEKEND: (Sat-Sun)      .  or (Fri-Sun)      .    TOTAL Month (MADT):   8963

* - Day Contains Some or All Estimated Data Due to Missing Data or Malfunctions at the ATR.
                                                                                                                                            11:44 Wednesday, April 13, 2011  74

                                                                    Minnesota Department of Transportation
                                                                 Continuous Count Station Edited Data for 2010


---------------------------------------------------------------------Station 26, Direction South, July ------------------------------------------------------------------------
                        Hour Ending At:
    DATE         DAY       1 am  2 am  3 am  4 am 5 am  6 am  7 am  8 am  9 am 10 am 11 am  Noon  1 pm  2 pm  3 pm  4 pm  5 pm  6 pm  7 pm  8 pm  9 pm 10 pm 11 pm 12 mid TOTAL

  Jul 26, 2010 Monday        98   108   137    91   82   266   465   570   585   781   832   905   803   783   771   819   544    28   305   442   379   296   225   199  10514
  Jul 27, 2010 Tuesday      118    86   111    79   84   225   381   475   455   356   265   229   213   227   243   223   225   181   374   414   343   256   175   182   5920
  Jul 28, 2010 Wednesday     79    91   118    71   93   236   386   375   284   410   503   478   431   407   480   486   491   470   463   476   367   300   241   190   7926
  Jul 29, 2010 Thursday       0     0     0     0    0     0     0     0    72   652   730   680   651   736   818   777   780   688   566   540   396   320   258   190   8854
  Jul 30, 2010 Friday       119    97   125    85   85   211   323   488   605   796   868   945   926   946  1005   948   931   941   800   728   527   382   292   219  13392

  Jul 31, 2010 Saturday     175   109    77    73   76   135   260   462   592   841   977  1007   868   889   908   826   734   674   549   452   449   320   277   169  11899

AVERAGES FOR DAY GROUPINGS 1 am  2 am  3 am  4 am 5 am  6 am  7 am  8 am  9 am 10 am 11 am  Noon  1 pm  2 pm  3 pm  4 pm  5 pm  6 pm  7 pm  8 pm  9 pm 10 pm 11 pm 12 mid TOTAL

               Mondays       98   108   137    91   82   266   465   570   585   781   832   905   803   783   771   819   544    28   305   442   379   296   225   199  10514
               Tuesdays     118    86   111    79   84   225   381   475   455   356   265   229   213   227   243   223   225   181   374   414   343   256   175   182   5920
               Wednesdays    79    91   118    71   93   236   386   375   284   410   503   478   431   407   480   486   491   470   463   476   367   300   241   190   7926
               Thursdays      .     0     0     .    0     0     .     0    72     .   730   680     .   736   818     .   780   688     .   540   396     .   258   190   8854
               Fridays      119    97   125    85   85   211   323   488   605   796   868   945   926   946  1005   948   931   941   800   728   527   382   292   219  13392

               Saturdays    175   109    77    73   76   135   260   462   592   841   977  1007   868   889   908   826   734   674   549   452   449   320   277   169  11899
               Sundays        .     .     .     .    .     .     .     .     .     .     .     .     .     .     .     .     .     .     .     .     .     .     .     .      .

  South        WEEKDAY: (Mon-Fri)   9321  or (Mon-Thur)   8304    WEEKEND: (Sat-Sun)      .  or (Fri-Sun)      .    TOTAL Month (MADT):   9751

* - Day Contains Some or All Estimated Data Due to Missing Data or Malfunctions at the ATR.
                                                                                                                                            11:44 Wednesday, April 13, 2011  75

                                                                    Minnesota Department of Transportation
                                                                 Continuous Count Station Edited Data for 2010


---------------------------------------------------------------------Station 26, Direction North, August ----------------------------------------------------------------------
                        Hour Ending At:
    DATE         DAY       1 am  2 am  3 am  4 am 5 am  6 am  7 am  8 am  9 am 10 am 11 am  Noon  1 pm  2 pm  3 pm  4 pm  5 pm  6 pm  7 pm  8 pm  9 pm 10 pm 11 pm 12 mid TOTAL

  Aug 1, 2010  Sunday       156   128    69   101   65    63    87   179   309   593   820   995   943  1105  1129  1202  1158   999   860   778   651   510   349   249  13498

  Aug 2, 2010  Monday       148    86   134   101  108   225   348   391   407   532   602   643   700   710   757   722   708   648   569   432   359   319   258   150  10057
  Aug 3, 2010  Tuesday       99    86   125    74  105   216   301   379   400   523   528   559   560   601   631   654   706   568   506   442   395   279   277   201   9215
  Aug 4, 2010  Wednesday    122    90   149    82   94   249   315   410   437   504   544   599   597   636   726   759   730   671   564   508   426   358   318   144  10032
  Aug 5, 2010  Thursday     126    96   151    78   91   231   348   424   451   523   652   694   694   841   847   904   946   768   705   626   514   431   358   250  11749
  Aug 6, 2010  Friday       157   121   165   127  110   226   319   405   463   635   818   906   952  1053  1049  1092   947   965   821   763   621   437   439   271  13862

  Aug 7, 2010  Saturday     187   119    88   107   97   150   192   302   472   769   908   909   823   740   751   689   689   661   536   440   461   401   304   249  11044
  Aug 8, 2010  Sunday       162   139    56   102   64    64   111   163   273   494   768   933   977  1043  1251  1333  1276  1146   976   843   707   453   282   143  13759

  Aug 9, 2010  Monday       173   109   165    88  116   245   337   380   407   477   605   627   655   659   773   631   750   676   565   457   378   322   230   167   9992
  Aug 10, 2010 Tuesday      100    88   144    97   80   260   328   366   426   504   586   546   553   628   690   655   685   636   500   395   352   274   222   152   9267
  Aug 11, 2010 Wednesday    109    79   156    99   97   248   314   396   415   551   592   634   545   555   684   740   730   657   639   484   421   385   290   183  10003
  Aug 12, 2010 Thursday     143   109   144    86  109   235   316   415   443   538   595   684   713   776   843   796   799   801   662   635   551   450   335   221  11399
  Aug 13, 2010 Friday       155   133   162   110  129   219   335   389   472   636   796   897   939  1076  1071  1072   893   837   827   678   559   423   383   264  13455

  Aug 14, 2010 Saturday     171   130   100   110  103   117   157   226   463   712   889   962   831   809   783   742   746   629   598   549   508   368   270   200  11173
  Aug 15, 2010 Sunday       151   122    71    66   97    76    93   168   311   542   804   909   946  1053  1221  1295  1214  1044   974   797   656   510   365   237  13722

  Aug 16, 2010 Monday       147   119   134   106   89   243   331   421   423   508   566   611   610   691   650   688   705   641   560   426   384   316   282   167   9818
  Aug 17, 2010 Tuesday      128   104   131    72   76   235   319   402   364   483   564   573   580   595   722   753   730   669   578   504   387   303   252   156   9680
  Aug 18, 2010 Wednesday    104    88   167   101   98   234   330   381   404   470   567   620   550   624   709   753   787   706   706   562   418   355   278   184  10196
  Aug 19, 2010 Thursday     119    94   148    94   94   256   361   400   402   496   606   608   649   766   830   801   811   773   705   619   488   385   312   191  11008
  Aug 20, 2010 Friday       154   114   164   118  101   234   301   390   450   564   775   837   834   950  1007   960   988   957   822   761   631   461   353   216  13142

  Aug 21, 2010 Saturday     188   119    91    73   87   134   164   269   430   685   917   925   851   763   772   771   706   660   570   501   429   339   285   172  10901
  Aug 22, 2010 Sunday       137   117    58    78   55    70    75   130   283   407   665   812   912  1006  1082  1175  1092  1111   952   742   637   444   337   194  12571

  Aug 23, 2010 Monday       143    83   153    94  116   230   327   393   410   454   534   620   581   611   646   642   651   597   509   378   346   305   237   131   9191
  Aug 24, 2010 Tuesday      108    99   118    66   81   236   333   405   375   431   485   478   465   537   590   591   587   573   474   397   369   320   218   123   8459
  Aug 25, 2010 Wednesday    109    87   157    88  102   256   341   405   553   454   496   515   551   600   656   696   657   655   555   491   387   304   252   159   9526
  Aug 26, 2010 Thursday      97    86   168    88  106   221   354   485   425   544   564   610   591   684   736   727   721   762   643   458   453   398   279   212  10412
  Aug 27, 2010 Friday       124   114   152   101  128   256   337   436   509   612   645   738   728   798   885   898   953   929   761   806   579   446   342   218  12495

  Aug 28, 2010 Saturday     150   117    90    80   71   131   186   294   472   684   893   886   777   830   803   789   724   557   481   411   346   336   231   166  10505
  Aug 29, 2010 Sunday       112    73    44    61   53    66    82   156   258   429   594   751   798   890   951   930  1020   917   742   653   513   374   303   171  10941

  Aug 30, 2010 Monday       103    90   139    85   90   259   372   427   396   451   507   527   580   603   656   623   632   598   482   369   328   267   248   121   8953
  Aug 31, 2010 Tuesday       85    79   170    78   84   211   346   421   372   452   468   528   535   572   619   617   654   566   492   366   343   320   219   136   8733

AVERAGES FOR DAY GROUPINGS 1 am  2 am  3 am  4 am 5 am  6 am  7 am  8 am  9 am 10 am 11 am  Noon  1 pm  2 pm  3 pm  4 pm  5 pm  6 pm  7 pm  8 pm  9 pm 10 pm 11 pm 12 mid TOTAL

               Mondays      143    97   145    95  104   240   343   402   409   484   563   606   625   655   696   661   689   632   537   412   359   306   251   147   9602
               Tuesdays     104    91   138    77   85   232   325   395   387   479   526   537   539   587   650   654   672   602   510   421   369   299   238   154   9071
               Wednesdays   111    86   157    93   98   247   325   398   452   495   550   592   561   604   694   737   726   672   616   511   413   351   285   168   9939
               Thursdays     97    96   153    69  100   236   276   431   430   420   604   649   529   767   814   646   819   776   543   585   502   333   321   219  11142
               Fridays      148   121   161   114  117   234   323   405   474   612   759   845   863   969  1003  1006   945   922   808   752   598   442   379   242  13239

               Saturdays    174   121    92    93   90   133   175   273   459   713   902   921   821   786   777   748   716   627   546   475   436   361   273   197  10906
               Sundays      144   116    60    82   67    68    90   159   287   493   730   880   915  1019  1127  1187  1152  1043   901   763   633   458   327   199  12898

  North        WEEKDAY: (Mon-Fri)  10599  or (Mon-Thur)   9939    WEEKEND: (Sat-Sun)  11902  or (Fri-Sun)  12348    TOTAL Month (MADT):  10928

* - Day Contains Some or All Estimated Data Due to Missing Data or Malfunctions at the ATR.
                                                                                                                                            11:44 Wednesday, April 13, 2011  76

                                                                    Minnesota Department of Transportation
                                                                 Continuous Count Station Edited Data for 2010


---------------------------------------------------------------------Station 26, Direction South, August ----------------------------------------------------------------------
                        Hour Ending At:
    DATE         DAY       1 am  2 am  3 am  4 am 5 am  6 am  7 am  8 am  9 am 10 am 11 am  Noon  1 pm  2 pm  3 pm  4 pm  5 pm  6 pm  7 pm  8 pm  9 pm 10 pm 11 pm 12 mid TOTAL

  Aug 1, 2010  Sunday       119    82    49    39   34    71   159   317   461   713  1001  1103  1120  1131  1159  1122   996   982   830   631   547   355   247   163  13431

  Aug 2, 2010  Monday       130    83   125    75   89   262   450   579   614   679   825   879   743   783   740   785   752   690   468   433   364   273   202   191  11214
  Aug 3, 2010  Tuesday      105   117   126    84   72   224   341   505   543   659   696   757   647   658   695   674   672   591   507   404   345   275   204   208  10109
  Aug 4, 2010  Wednesday    121    97   124    75   61   244   372   537   582   630   673   685   623   666   736   739   731   600   489   480   382   311   263   197  10418
  Aug 5, 2010  Thursday     138    89   129    87   75   223   386   571   608   659   795   730   699   755   733   820   774   706   622   510   442   353   245   223  11372
  Aug 6, 2010  Friday       131   111   140    82   75   221   380   528   589   787   896   981   951  1025  1082  1087  1062   973   902   765   493   412   281   235  14189

  Aug 7, 2010  Saturday     151   134    88    93   79   164   256   437   634   904  1006  1032   974   935   934   883   789   682   599   483   349   323   241   190  12360
* Aug 8, 2010  Sunday       107    97    47    67   36    65   151   281   454   687  1028  1155  1185  1216  1217  1147  1108  1045   894   680   536   373   233   149  13958

  Aug 9, 2010  Monday        92    77   135    67   81   299   434   585   607   780   883   862   747   828   741   811   753   624   507   469   353   295   214   176  11420
  Aug 10, 2010 Tuesday      126   103   113    79   79   228   360   459   545   624   660   694   612   711   695   711   700   562   446   405   335   240   216   163   9866
  Aug 11, 2010 Wednesday    143   112   124   100   95   213   337   494   523   681   708   730   682   791   818   755   689   618   486   425   395   341   244   174  10678
  Aug 12, 2010 Thursday     100   124   124    59   88   220   318   474   503   687   820   698   739   810   734   847   726   686   565   536   407   346   238   161  11010
  Aug 13, 2010 Friday       122   150   110    65   95   207   304   479   602   705   864   999   909   895  1070  1036  1005   880   738   700   547   347   281   262  13372

  Aug 14, 2010 Saturday     205   123    97    76   66   185   299   530   680   898  1059  1030   904   908   838   834   680   667   528   482   372   314   336   193  12304
  Aug 15, 2010 Sunday       116    92    52    40   38    71   181   369   480   735   994  1163  1189  1203  1295  1166  1092  1001   931   696   511   368   277   156  14216

  Aug 16, 2010 Monday        78    68   146    66   81   255   432   516   652   768   898   900   752   779   841   777   822   645   531   436   351   241   246   162  11443
  Aug 17, 2010 Tuesday      124    90   123    90   84   238   380   485   554   640   742   695   668   638   668   688   682   551   449   405   342   336   269   241  10182
  Aug 18, 2010 Wednesday    164   121   112    77   91   233   323   550   581   663   770   655   666   704   719   712   702   600   465   460   376   316   246   218  10524
  Aug 19, 2010 Thursday     147    93   120    85   80   248   350   469   494   644   778   741   653   717   792   774   722   685   549   470   382   308   264   246  10811
  Aug 20, 2010 Friday       145   108   129    81   83   194   344   523   565   699   839   916   886   946  1054   986   968   845   740   624   541   378   293   254  13141

  Aug 21, 2010 Saturday     157    94    76    75   56   141   247   441   585   741   821   832   799   738   643   770   639   575   508   467   458   405   293   206  10767
  Aug 22, 2010 Sunday       173    96    56    55   46    80   137   276   390   559   862   985  1023  1016  1148  1123   984   834   753   616   512   343   282   243  12592

  Aug 23, 2010 Monday       120    77   153    55   73   274   406   565   557   695   792   766   701   690   659   711   712   552   450   418   376   272   202   157  10433
  Aug 24, 2010 Tuesday       80    85   119    69   67   222   320   485   514   558   592   564   511   554   614   578   638   555   414   359   316   277   186   152   8829
  Aug 25, 2010 Wednesday     87   104   121    76   79   209   325   445   442   590   625   550   562   558   618   644   598   569   422   401   362   275   202   146   9010
  Aug 26, 2010 Thursday     101    84   112    61   63   236   337   461   452   565   609   622   593   668   694   679   694   566   485   449   363   303   217   173   9587
  Aug 27, 2010 Friday       104    95   118    73   66   208   284   447   472   601   770   733   800   841   882   924   969   826   730   619   467   312   227   227  11795

  Aug 28, 2010 Saturday     110   113    72    69   59   141   222   353   522   603   726   749   693   641   672   657   603   564   448   440   390   315   261   308   9731
  Aug 29, 2010 Sunday       196    87    28    52   36    51   135   219   397   545   768   883   986   994  1021  1044   984   947   765   644   478   320   164   119  11863

  Aug 30, 2010 Monday        77    55   128    73   87   256   447   489   535   605   677   680   636   700   671   701   621   543   442   372   336   238   213   154   9736
  Aug 31, 2010 Tuesday      145    91   114    73   69   228   330   483   466   566   645   618   573   612   642   690   614   524   425   344   315   282   187   215   9251

AVERAGES FOR DAY GROUPINGS 1 am  2 am  3 am  4 am 5 am  6 am  7 am  8 am  9 am 10 am 11 am  Noon  1 pm  2 pm  3 pm  4 pm  5 pm  6 pm  7 pm  8 pm  9 pm 10 pm 11 pm 12 mid TOTAL

               Mondays       99    72   137    67   82   269   434   547   593   705   815   817   716   756   730   757   732   611   480   426   356   264   215   168  10849
               Tuesdays     116    97   119    79   74   228   346   483   524   609   667   666   602   635   663   668   661   557   448   383   331   282   212   196   9647
               Wednesdays   129   109   120    82   82   225   339   507   532   641   694   655   633   680   723   713   680   597   466   442   379   311   239   184  10158
               Thursdays     97    98   121    58   77   232   278   494   514   511   751   698   537   738   738   624   729   661   444   491   399   262   241   201  10695
               Fridays      126   116   124    75   80   208   328   494   557   698   842   907   887   927  1022  1008  1001   881   778   677   512   362   271   245  13124

               Saturdays    156   116    83    78   65   158   256   440   605   787   903   911   843   806   772   786   678   622   521   468   392   339   283   224  11291
               Sundays      142    91    46    51   38    68   153   292   436   648   931  1058  1101  1112  1168  1120  1033   962   835   653   517   352   241   166  13212

  South        WEEKDAY: (Mon-Fri)  10895  or (Mon-Thur)  10337    WEEKEND: (Sat-Sun)  12252  or (Fri-Sun)  12542    TOTAL Month (MADT):  11278

* - Day Contains Some or All Estimated Data Due to Missing Data or Malfunctions at the ATR.
                                                                                                                                            11:44 Wednesday, April 13, 2011  77

                                                                    Minnesota Department of Transportation
                                                                 Continuous Count Station Edited Data for 2010


---------------------------------------------------------------------Station 26, Direction North, September -------------------------------------------------------------------
                        Hour Ending At:
    DATE         DAY       1 am  2 am  3 am  4 am 5 am  6 am  7 am  8 am  9 am 10 am 11 am  Noon  1 pm  2 pm  3 pm  4 pm  5 pm  6 pm  7 pm  8 pm  9 pm 10 pm 11 pm 12 mid TOTAL

  Sep 1, 2010  Wednesday     96    98   158    87   96   273   331   442   420   483   546   578   530   587   639   701   657   577   528   393   388   321   253   142   9324
  Sep 2, 2010  Thursday     105   105   146   101  128   271   395   439   429   509   585   631   724   780   930  1005   905   785   749   570   554   435   357   225  11863
  Sep 3, 2010  Friday       145   148   162   118  131   235   353   392   509   677   826   892   875   980  1099  1138  1142  1170  1050  1121  1065   793   527   380  15928

  Sep 4, 2010  Saturday     258   191   105   135   94   145   188   313   574   844  1178  1253  1031   992   903   719   654   553   518   466   374   321   219   153  12181
  Sep 5, 2010  Sunday       114    84    70    56   63    42   101   129   295   546   768   794   762   787   799   801   848   747   695   552   519   378   307   174  10431

  Sep 6, 2010  Monday       127    98    43    80   69    68   100   141   252   449   620   769   881   968  1079  1126  1190   985   834   697   530   363   262   199  11930
  Sep 7, 2010  Tuesday      113    85   132    91   87   202   335   396   359   437   542   550   479   536   609   617   621   536   432   369   309   268   188   141   8434
  Sep 8, 2010  Wednesday     99    75   151    75   81   225   295   391   388   437   535   467   497   510   577   643   600   574   484   396   293   227   218   140   8378
  Sep 9, 2010  Thursday      95    79   153    68   94   239   334   430   396   432   476   515   566   593   695   660   691   618   529   460   353   310   241   157   9184
  Sep 10, 2010 Friday        96   103   150    93   98   236   348   406   431   540   588   700   711   797   891   978   900   880   827   700   533   401   321   224  11952

  Sep 11, 2010 Saturday     146    95   123    94   67   163   248   371   564   734   817   753   623   578   584   591   577   523   399   352   322   293   233   150   9400
  Sep 12, 2010 Sunday        93   117    42   105   53    72    96   183   308   532   721   886   967   984  1006  1006   993   890   773   632   487   355   286   162  11749

  Sep 13, 2010 Monday        98    83   138    79   86   236   319   412   367   422   496   470   507   505   540   598   588   486   414   353   269   225   194   134   8019
  Sep 14, 2010 Tuesday       66    69   121    68   77   230   339   351   336   417   432   497   466   500   562   552   571   575   426   372   307   258   202   126   7920
  Sep 15, 2010 Wednesday     89    90   150    88   86   232   329   377   429   451   562   497   552   528   656   640   674   590   519   383   288   242   210   155   8817
  Sep 16, 2010 Thursday      93    89   134    89   90   255   353   383   488   484   568   584   592   687   769   747   793   723   682   474   463   361   271   186  10358
  Sep 17, 2010 Friday       140   101   134    77  122   232   327   409   483   556   687   789   795   865  1010  1038  1019   974   865   767   634   626   336   230  13216

  Sep 18, 2010 Saturday     152   106    79    91   86   131   182   315   547   857   912   859   816   759   726   740   636   549   491   447   351   288   223   167  10510
  Sep 19, 2010 Sunday       116    85    49    64   48    67    94   190   548   729   680   714   773   788   894  1069  1029  1019   793   680   540   387   250   163  11769

  Sep 20, 2010 Monday        92    94   138    92   88   211   333   420   367   412   532   603   547   554   650   631   640   555   461   386   327   234   212   124   8703
  Sep 21, 2010 Tuesday       80    78   122    69   80   234   332   394   393   418   517   486   529   535   535   600   596   549   444   347   292   293   198   115   8236
  Sep 22, 2010 Wednesday     75    70   125    73   86   239   333   385   378   483   482   488   540   558   608   638   712   588   502   375   343   253   226   139   8699
  Sep 23, 2010 Thursday      99    82   155    75   93   253   347   425   414   449   563   567   559   638   741   739   714   680   616   446   373   304   249   169   9750
  Sep 24, 2010 Friday       116   113   154   110  108   249   208     0     0     0     5     2     0   163   776   818   859   743   718   624   508   440   310   181   7205

  Sep 25, 2010 Saturday     132   106    93    72   73   121   157   275   432   616   713   814   736   776   726   716   609   591   488   395   338   317   217   184   9697
  Sep 26, 2010 Sunday       110    76    49    66   58    61    79   203   467   709   631   784   758   842   978  1070  1139  1068   928   770   592   406   265   170  12279

  Sep 27, 2010 Monday        96   102   135    95   88   226   338   382   387   450   474   558   531   526   593   630   651   597   458   362   300   275   240   123   8617
  Sep 28, 2010 Tuesday      100    73   132    84   88   248   366   420   385   437   469   460   457   541   583   637   603   602   482   359   316   277   214   111   8444
  Sep 29, 2010 Wednesday     94    89   158    99  108   238   360   390   391   439   527   490   527   552   638   560   654   611   539   399   330   287   224   128   8832
  Sep 30, 2010 Thursday     109    91   171    85   97   256   373   508   439   457   566   587   597   680   732   804   792   699   645   559   505   390   283   176  10601

AVERAGES FOR DAY GROUPINGS 1 am  2 am  3 am  4 am 5 am  6 am  7 am  8 am  9 am 10 am 11 am  Noon  1 pm  2 pm  3 pm  4 pm  5 pm  6 pm  7 pm  8 pm  9 pm 10 pm 11 pm 12 mid TOTAL

               Mondays      103    94   114    87   83   185   273   339   343   433   531   600   617   638   716   746   767   656   542   450   357   274   227   145   9317
               Tuesdays      90    76   127    78   83   229   343   390   368   427   490   498   483   528   572   602   598   566   446   362   306   274   201   123   8259
               Wednesdays    91    84   148    84   91   241   330   397   401   459   530   504   529   547   624   636   659   588   514   389   328   266   226   141   8810
               Thursdays    125    89   152   105  100   255   451   437   433   583   552   577   760   676   773   989   779   701   805   502   450   450   280   183  10351
               Fridays      124   116   150   100  115   238   309   302   356   443   527   596   595   701   944   993   980   942   865   803   685   565   374   254  12075

               Saturdays    172   125   100    98   80   140   194   319   529   763   905   920   802   776   735   692   619   554   474   415   346   305   223   164  10447
               Sundays      108    91    53    73   56    61    93   176   405   629   700   795   815   850   919   987  1002   931   797   659   535   382   277   167  11557

  North        WEEKDAY: (Mon-Fri)   9762  or (Mon-Thur)   9184    WEEKEND: (Sat-Sun)  11002  or (Fri-Sun)  11360    TOTAL Month (MADT):  10081

* - Day Contains Some or All Estimated Data Due to Missing Data or Malfunctions at the ATR.
                                                                                                                                            11:44 Wednesday, April 13, 2011  78

                                                                    Minnesota Department of Transportation
                                                                 Continuous Count Station Edited Data for 2010


---------------------------------------------------------------------Station 26, Direction South, September -------------------------------------------------------------------
                        Hour Ending At:
    DATE         DAY       1 am  2 am  3 am  4 am 5 am  6 am  7 am  8 am  9 am 10 am 11 am  Noon  1 pm  2 pm  3 pm  4 pm  5 pm  6 pm  7 pm  8 pm  9 pm 10 pm 11 pm 12 mid TOTAL

  Sep 1, 2010  Wednesday    168   112   119    82   73   190   349   488   477   600   664   671   615   610   619   692   599   589   459   446   358   296   198   217   9691
* Sep 2, 2010  Thursday     130    80   102    79   88   233   312   482   484   629   686   738   688   699   740   749   748   634   571   537   391   329   282   157  10568
  Sep 3, 2010  Friday       226   147   110    95   75   219   339   521   554   740   885   970   934  1023  1119  1082  1106  1078   928   781   542   364   270   223  14331

  Sep 4, 2010  Saturday     201    98    98    73   68   147   220   377   583   790   816   837   699   682   666   599   539   551   453   506   418   372   213   139  10145
  Sep 5, 2010  Sunday       101    79    38    58   46    65   108   211   315   453   634   706   750   786   824   849   846   746   798   641   556   377   261   130  10378

  Sep 6, 2010  Monday       101    70    55    36   31   101   133   264   426   745  1096  1216  1198  1167  1332  1289  1216  1109   998   657   426   290   204   101  14261
  Sep 7, 2010  Tuesday       68    72   156    65   69   221   413   580   603   718   811   799   733   731   713   759   741   654   473   355   294   227   205   168  10628
  Sep 8, 2010  Wednesday    119    91   106    76   95   204   372   522   497   607   660   610   583   579   597   659   567   563   385   376   307   236   221   218   9250
  Sep 9, 2010  Thursday     114    83   106    88   88   218   347   483   464   552   640   613   665   679   723   731   724   605   574   472   301   257   202   172   9901
  Sep 10, 2010 Friday       108    90   117    93   78   209   313   440   495   556   750   790   745   855   937   929   861   832   578   854   582   323   268   167  11970

  Sep 11, 2010 Saturday     100    92    94    56   46   133   237   396   471   640   629   657   584   640   627   664   707   645   571   463   405   311   242   152   9562
  Sep 12, 2010 Sunday        88    56    34    47   31    52   123   204   373   495   653   769   813   807   896   829   861   849   748   515   444   260   161    97  10205

  Sep 13, 2010 Monday        78    55   121    71   77   254   354   544   484   639   755   654   604   581   640   695   628   529   392   287   283   271   174   135   9305
  Sep 14, 2010 Tuesday       96    79   108    79   85   212   345   521   477   453   590   563   559   510   557   603   591   499   405   324   276   215   200   145   8492
  Sep 15, 2010 Wednesday     80    79    92    73   90   200   307   454   461   543   558   584   525   557   643   654   588   587   377   336   258   224   172   163   8605
  Sep 16, 2010 Thursday     107    86   107    69   98   208   344   487   484   556   605   673   610   703   693   785   724   632   505   434   345   261   197   162   9875
  Sep 17, 2010 Friday       114    85   106    79   75   188   344   479   498   596   774   756   789   923   871   982   971   867   927   611   475   323   243   190  12266

  Sep 18, 2010 Saturday     130   117    68    64   59   129   200   324   486   649   715   705   679   686   745   654   602   567   513   507   451   354   217   121   9742
  Sep 19, 2010 Sunday        81    51    33    44   34    73   120   217   325   513   753   834   870   887   967  1111  1224  1370  1275   835   503   260   157   114  12651

  Sep 20, 2010 Monday        86    61   110    71   76   272   393   544   529   722   809   781   708   667   689   744   695   486   399   380   291   188   195   177  10073
  Sep 21, 2010 Tuesday      125    73   113    68   91   200   314   451   445   559   596   616   531   602   590   646   614   508   385   323   293   231   198   177   8749
  Sep 22, 2010 Wednesday    116    75    92    75   67   204   318   473   453   530   680   547   535   603   579   605   644   564   382   382   305   217   160   144   8750
  Sep 23, 2010 Thursday     115    78   111    81   80   194   322   466   454   503   656   660   618   714   693   731   731   648   540   499   362   300   220   180   9956
  Sep 24, 2010 Friday        93    70   116    71   86   208   275    42    22    18     1     1     0    37   663   788   894   868   769   614   412   307   237   192   6784

  Sep 25, 2010 Saturday     133    82    97    51   61   142   199   345   488   676   736   688   608   663   633   639   593   565   472   408   395   255   216   163   9308
  Sep 26, 2010 Sunday       113    68    42    52   26    83   119   243   359   551   655   774   801   833   871   948  1130  1270  1132   693   482   278   184   100  11807

  Sep 27, 2010 Monday        60    54   159    63   85   221   421   566   562   741   850   755   696   689   678   799   641   567   433   384   271   222   252   148  10317
  Sep 28, 2010 Tuesday      106    83   120    79   81   223   316   506   459   611   642   586   603   565   663   621   620   504   373   343   305   229   205   156   8999
  Sep 29, 2010 Wednesday     96    80   114    77  100   207   376   496   489   599   629   625   556   558   643   658   626   538   448   381   281   262   219   156   9214
  Sep 30, 2010 Thursday     120    82   120    83  108   232   343   512   480   601   693   631   642   704   727   767   730   604   515   421   351   322   231   231  10250

AVERAGES FOR DAY GROUPINGS 1 am  2 am  3 am  4 am 5 am  6 am  7 am  8 am  9 am 10 am 11 am  Noon  1 pm  2 pm  3 pm  4 pm  5 pm  6 pm  7 pm  8 pm  9 pm 10 pm 11 pm 12 mid TOTAL

               Mondays       81    60   111    60   67   212   325   480   500   712   878   852   802   776   835   882   795   673   556   427   318   243   206   140  10989
               Tuesdays      99    77   124    73   82   214   347   515   496   585   660   641   607   602   631   657   642   541   409   336   292   226   202   162   9217
               Wednesdays   116    87   105    77   85   201   344   487   475   576   638   607   563   581   616   654   605   568   410   384   302   247   194   180   9102
               Thursdays    147    82   109   100   92   217   417   486   473   710   656   663   806   700   715   941   731   625   676   473   350   367   226   180  10110
               Fridays      135    98   112    85   79   206   318   371   392   478   603   629   617   710   898   945   958   911   801   715   503   329   255   193  11338

               Saturdays    141    97    89    61   59   138   214   361   507   689   724   722   643   668   668   639   610   582   502   471   417   323   222   144   9689
               Sundays       96    64    37    50   34    68   118   219   343   503   674   771   809   828   890   934  1015  1059   988   671   496   294   191   110  11260

  South        WEEKDAY: (Mon-Fri)  10151  or (Mon-Thur)   9855    WEEKEND: (Sat-Sun)  10475  or (Fri-Sun)  10762    TOTAL Month (MADT):  10201

* - Day Contains Some or All Estimated Data Due to Missing Data or Malfunctions at the ATR.
                                                                                                                                            11:44 Wednesday, April 13, 2011  79

                                                                    Minnesota Department of Transportation
                                                                 Continuous Count Station Edited Data for 2010


---------------------------------------------------------------------Station 26, Direction North, October ---------------------------------------------------------------------
                        Hour Ending At:
    DATE         DAY       1 am  2 am  3 am  4 am 5 am  6 am  7 am  8 am  9 am 10 am 11 am  Noon  1 pm  2 pm  3 pm  4 pm  5 pm  6 pm  7 pm  8 pm  9 pm 10 pm 11 pm 12 mid TOTAL

  Oct 1, 2010  Friday       116   106   164    98  104   251   337   453   469   538   666   737   832   914  1060  1102  1091   990   833   724   559   405   299   198  13046

  Oct 2, 2010  Saturday     141   101    76    93   72   117   204   323   515   707   860   778   671   662   665   684   561   523   494   426   370   289   231   189   9752
  Oct 3, 2010  Sunday       139   106    55    72   64    78    87   145   276   460   702   803   949  1028  1126  1208  1236  1111  1021   768   678   408   342   170  13032

  Oct 4, 2010  Monday       119    80   180   106  100   230   332   433   428   467   561   546   591   609   666   681   653   608   571   497   330   320   267   117   9492
  Oct 5, 2010  Tuesday       91    78   138    87   85   255   349   397   386   449   498   441   494   494   629   649   673   582   439   347   342   257   222   226   8608
  Oct 6, 2010  Wednesday    173   119   150   141   97   231   366   398   363   449   526   518   513   555   663   733   695   613   529   483   348   246   235   141   9285
  Oct 7, 2010  Thursday     110    98   153    96  117   259   353   424   429   464   487   591   595   727   795   717   738   687   619   504   420   348   250   157  10138
  Oct 8, 2010  Friday       114   103   162   104  123   216   337   396   419   564   661   689   795   831   929  1009   994   986   879   682   625   442   317   233  12610

  Oct 9, 2010  Saturday     160    95   114    65  103   138   177   260   450   650   725   700   670   646   629   669   591   525   414   369   329   286   231   172   9168
  Oct 10, 2010 Sunday       133    73    36    56   55    62    77   136   230   415   630   732   771   881  1066  1036  1127   980   820   725   569   426   291   180  11507

  Oct 11, 2010 Monday       117   108   132    85  111   244   364   410   389   374   510   477   530   555   612   695   627   616   471   556   310   238   197   120   8848
  Oct 12, 2010 Tuesday       72    71   115    68   83   223   346   396   340   411   488   495   431   502   606   580   597   535   516   390   279   246   188   119   8097
  Oct 13, 2010 Wednesday    104    80   128    76  104   231   377   443   367   491   483   488   500   507   616   615   656   613   508   423   370   310   231   133   8854
  Oct 14, 2010 Thursday      97    93   162    93   94   234   368   431   418   459   526   550   543   625   664   740   770   716   558   513   464   380   338   200  10036
  Oct 15, 2010 Friday       184   141   150   121  130   237   340   423   442   473   624   709   804   832   951  1037  1077  1041   883   729   580   447   284   211  12850

  Oct 16, 2010 Saturday     116    96    86    80   65   102   179   282   463   643   835   914   832   793   705   724   676   642   541   439   359   289   206   149  10216
  Oct 17, 2010 Sunday        89    79    57    64   48    59    88   153   232   493   852   988  1055  1008  1038  1165  1071  1050  1037   723   564   485   300   149  12847

  Oct 18, 2010 Monday       123   127   125   117   67   232   340   406   361   428   492   575   537   528   594   616   589   579   474   348   285   245   197   135   8520
  Oct 19, 2010 Tuesday       98    73   133    75   90   228   352   418   371   436   508   482   454   516   643   667   661   562   458   399   343   261   224   112   8564
  Oct 20, 2010 Wednesday    116    95   158   109  105   240   372   387   386   449   505   516   502   542   602   697   706   650   591   427   352   286   239   129   9161
  Oct 21, 2010 Thursday      99    98   160    86  108   245   356   479   446   450   565   574   545   617   808   720   796   680   617   507   408   328   272   169  10133
  Oct 22, 2010 Friday       114   101   157   104  110   237   308   414   444   570   636   736   757   860   957   989  1054   998   873   739   535   415   315   216  12639

  Oct 23, 2010 Saturday     148    97    88    81   66   100   133   267   385   598   712   796   741   687   676   673   710   567   490   461   368   281   243   164   9532
  Oct 24, 2010 Sunday       128   102    45    59   60    62    84   143   224   382   637   818  1075  1139  1348  1510  1509  1310  1021   790   498   425   270   189  13828

  Oct 25, 2010 Monday       132    91   131    77   90   243   377   357   411   414   520   539   554   569   637   646   659   576   437   353   256   216   199   126   8610
  Oct 26, 2010 Tuesday       73    80   125    72   79   212   318   398   360   374   408   472   411   509   551   583   556   506   355   282   258   227   186   111   7506
  Oct 27, 2010 Wednesday     92    76   130    92   93   234   328   406   336   380   429   414   434   444   559   554   611   547   452   330   269   236   200   136   7782
  Oct 28, 2010 Thursday     107    85   159    68   89   254   345   407   365   435   506   480   571   568   699   731   743   701   625   447   380   325   245   148   9483
  Oct 29, 2010 Friday       128    99   141   104  101   222   364   385   401   531   590   636   648   727   883   860   897   885   719   590   467   325   273   187  11163

  Oct 30, 2010 Saturday     112   106    78    73   67    97   150   244   331   511   620   620   614   538   580   633   575   580   400   400   326   265   220   124   8264
  Oct 31, 2010 Sunday       115    92    50    51   50    55    82   118   194   326   469   614   702   879   969   947   828   753   589   511   475   365   226   156   9616


AVERAGES FOR DAY GROUPINGS 1 am  2 am  3 am  4 am 5 am  6 am  7 am  8 am  9 am 10 am 11 am  Noon  1 pm  2 pm  3 pm  4 pm  5 pm  6 pm  7 pm  8 pm  9 pm 10 pm 11 pm 12 mid TOTAL

               Mondays      123   102   142    96   92   237   353   402   397   421   521   534   553   565   627   660   632   595   488   439   295   255   215   125   8868
               Tuesdays      84    76   128    76   84   230   341   402   364   418   476   473   448   505   607   620   622   546   442   355   306   248   205   142   8194
               Wednesdays   121    93   142   105  100   234   361   409   363   442   486   484   487   512   610   650   667   606   520   416   335   270   226   135   8771
               Thursdays     83    94   159    69  102   248   284   435   415   362   521   549   451   634   742   582   762   696   484   493   418   276   276   169   9948
               Fridays      131   110   155   106  114   233   337   414   435   535   635   701   767   833   956   999  1023   980   837   693   553   407   298   209  12462

               Saturdays    135    99    88    78   75   111   169   275   429   622   750   762   706   665   651   677   623   567   468   419   350   282   226   160   9386
               Sundays      121    90    49    60   55    63    84   139   231   415   658   791   910   987  1109  1173  1154  1041   898   703   557   422   286   169  12166

  North        WEEKDAY: (Mon-Fri)   9649  or (Mon-Thur)   8945    WEEKEND: (Sat-Sun)  10776  or (Fri-Sun)  11338    TOTAL Month (MADT):  10103

* - Day Contains Some or All Estimated Data Due to Missing Data or Malfunctions at the ATR.
                                                                                                                                            11:44 Wednesday, April 13, 2011  80

                                                                    Minnesota Department of Transportation
                                                                 Continuous Count Station Edited Data for 2010


---------------------------------------------------------------------Station 26, Direction South, October ---------------------------------------------------------------------
                        Hour Ending At:
    DATE         DAY       1 am  2 am  3 am  4 am 5 am  6 am  7 am  8 am  9 am 10 am 11 am  Noon  1 pm  2 pm  3 pm  4 pm  5 pm  6 pm  7 pm  8 pm  9 pm 10 pm 11 pm 12 mid TOTAL

  Oct 1, 2010  Friday       130    99   111    85  107   231   359   540   569   675   884   899   905   996  1034  1016  1005  1027   877   632   466   369   276   235  13527

  Oct 2, 2010  Saturday     121    90    86    57   67   152   276   428   644   834   829   791   727   710   675   658   688   620   541   480   393   268   197   135  10467
  Oct 3, 2010  Sunday        79    66    48    31   41    69   117   230   309   524   738   867   919  1045  1091  1109  1185  1108   912   665   486   272   164   117  12192

  Oct 4, 2010  Monday        88    68   125    61   72   254   421   587   595   712   810   754   662   692   717   718   683   550   462   380   261   231   193   159  10255
  Oct 5, 2010  Tuesday      103    69   114    83  100   235   348   498   473   603   642   567   565   547   592   611   573   570   377   382   281   248   191   136   8908
  Oct 6, 2010  Wednesday    124    78   106    68   92   199   375   519   464   577   636   565   537   638   646   618   669   509   410   349   266   217   199   151   9012
  Oct 7, 2010  Thursday     154   167   103    85  101   215   375   523   532   637   729   665   512   622   653   689   738   627   502   416   352   307   376   189  10269
  Oct 8, 2010  Friday        95    83   118    90   83   220   371   508   581   747   822   854   862   954   941   973   981   944   733   719   517   307   220   190  12913

  Oct 9, 2010  Saturday     109   101    71    67   51   131   209   381   537   757   741   793   611   671   600   626   522   510   433   394   343   251   174   152   9235
  Oct 10, 2010 Sunday        92    54    38    51   22    67   129   220   356   506   691   796   892   946   997   975  1030   834   760   548   381   233   166   103  10887

  Oct 11, 2010 Monday        51    61   123    65   73   252   421   601   580   726   751   744   640   693   682   720   718   582   429   336   264   231   161   148  10052
  Oct 12, 2010 Tuesday       85    87   107    83   87   202   348   548   502   539   625   593   535   541   577   613   581   552   382   331   287   232   179   137   8753
  Oct 13, 2010 Wednesday     77    77    96    65   86   224   353   485   500   599   590   559   591   630   647   649   669   563   445   360   295   245   187   150   9142
  Oct 14, 2010 Thursday      82    64   106    79   84   202   351   539   495   608   661   592   629   612   678   660   718   614   557   449   331   269   194   154   9728
  Oct 15, 2010 Friday       106    74   114    77   99   222   348   545   599   714   846   806   779   936   962  1080   973   991   878   673   474   324   244   163  13027

  Oct 16, 2010 Saturday     125   114    93    42   46   131   274   431   539   678   749   700   680   636   638   605   531   538   492   456   373   229   207   143   9450
  Oct 17, 2010 Sunday        93    86    57    42   41    61   154   227   360   524   769   826   918   970   985  1023   928   834   653   930  1249   505   179   104  12518

  Oct 18, 2010 Monday        85    75   133    60   85   250   420   574   642   795   973   856   777   779   743   766   672   558   453   374   275   231   200   163  10939
  Oct 19, 2010 Tuesday       81    66   104    76   87   221   393   550   534   573   631   600   564   618   603   634   687   608   521   387   294   271   194   173   9470
  Oct 20, 2010 Wednesday    122    77   128    86   99   222   390   545   531   612   660   552   588   647   667   831   782   674   575   465   382   272   215   161  10283
  Oct 21, 2010 Thursday      89    92   124    84   89   244   371   602   636   793   903   804   785   771   857   791   771   703   532   476   343   282   200   153  11495
  Oct 22, 2010 Friday       124   112   110    88   89   181   399   502   550   677   896   893   836   985   992  1082  1058   972   791   529   452   301   216   154  12989

  Oct 23, 2010 Saturday     143    89    75    52   78   124   229   326   469   620   716   641   611   565   564   585   560   565   541   448   348   249   187   137   8922
  Oct 24, 2010 Sunday       100    77    45    46   40    64   145   203   313   534   739   836   855  1002  1060  1003   996   807   716   515   350   187   128   130  10891

  Oct 25, 2010 Monday        93    51   107    63   56   231   429   555   476   619   688   658   642   644   597   625   630   540   439   378   273   226   175   164   9359
  Oct 26, 2010 Tuesday       87    68   116    72   78   178   315   432   466   524   545   570   510   500   541   570   571   505   364   322   287   213   190   163   8187
  Oct 27, 2010 Wednesday     69    84   103    69   81   144   303   396   398   460   576   534   487   519   563   610   633   467   391   324   271   231   185   153   8051
  Oct 28, 2010 Thursday     118    80    98    65   84   204   365   482   463   611   667   596   627   642   640   718   709   678   458   425   327   260   217   161   9695
  Oct 29, 2010 Friday       100    97   122    72   75   185   345   450   502   649   731   731   799   834   974  1042  1049   913   782   704   458   323   199   171  12307

  Oct 30, 2010 Saturday      97    90    86    68   63   138   268   354   525   601   611   591   548   568   498   582   530   444   441   340   357   224   222   184   8430
  Oct 31, 2010 Sunday        76    68    38    29   38    72   130   196   295   470   511   638   652   741   819   733   669   579   475   458   344   219   154    99   8503


AVERAGES FOR DAY GROUPINGS 1 am  2 am  3 am  4 am 5 am  6 am  7 am  8 am  9 am 10 am 11 am  Noon  1 pm  2 pm  3 pm  4 pm  5 pm  6 pm  7 pm  8 pm  9 pm 10 pm 11 pm 12 mid TOTAL

               Mondays       79    64   122    62   72   247   423   579   573   713   806   753   680   702   685   707   676   558   446   367   268   230   182   159  10151
               Tuesdays      89    73   110    79   88   209   351   507   494   560   611   583   544   552   578   607   603   559   411   356   287   241   189   152   8830
               Wednesdays    98    79   108    72   90   197   355   486   473   562   616   553   551   609   631   677   688   553   455   375   304   241   197   154   9122
               Thursdays     89   101   108    63   90   216   292   537   532   530   740   664   511   662   707   572   734   656   410   442   338   224   247   164  10297
               Fridays      111    93   115    82   91   208   364   509   560   692   836   837   836   941   981  1039  1013   969   812   651   473   325   231   183  12953

               Saturdays    119    97    82    57   61   135   251   384   543   698   729   703   635   630   595   611   566   535   490   424   363   244   197   150   9301
               Sundays       88    70    45    40   36    67   135   215   327   512   690   793   847   941   990   969   962   832   703   623   562   283   158   111  10998

  South        WEEKDAY: (Mon-Fri)  10271  or (Mon-Thur)   9600    WEEKEND: (Sat-Sun)  10150  or (Fri-Sun)  11084    TOTAL Month (MADT):  10318

* - Day Contains Some or All Estimated Data Due to Missing Data or Malfunctions at the ATR.
                                                                                                                                            11:44 Wednesday, April 13, 2011  81

                                                                    Minnesota Department of Transportation
                                                                 Continuous Count Station Edited Data for 2010


---------------------------------------------------------------------Station 26, Direction North, November --------------------------------------------------------------------
                        Hour Ending At:
    DATE         DAY       1 am  2 am  3 am  4 am 5 am  6 am  7 am  8 am  9 am 10 am 11 am  Noon  1 pm  2 pm  3 pm  4 pm  5 pm  6 pm  7 pm  8 pm  9 pm 10 pm 11 pm 12 mid TOTAL

  Nov 1, 2010  Monday       111    87   125    68  104   234   341   388   405   407   467   480   442   506   564   562   576   525   457   342   276   207   192   126   7992
  Nov 2, 2010  Tuesday       76    68   122    68   85   209   326   403   309   366   413   463   440   457   511   572   563   498   397   297   277   240   182   116   7458
  Nov 3, 2010  Wednesday    107    64   151    88   85   236   354   390   370   399   463   453   422   489   533   560   602   567   467   345   303   250   224   122   8044
  Nov 4, 2010  Thursday      88    74   150    94  112   243   376   427   365   421   463   523   475   508   627   607   725   620   558   429   383   263   240   135   8906
  Nov 5, 2010  Friday        94    87   148    87   90   218   336   409   451   473   615   631   663   764   898   894   885   923   772   663   553   344   255   158  11411

  Nov 6, 2010  Saturday     105    68    85    81   60    90   130   232   437   613   781   697   693   682   638   651   584   524   412   372   344   324   226   128   8957
  Nov 7, 2010  Sunday        94   112    46    58   44    49   108   181   466   582   604   677   673   769   860   957   971   878   791   623   495   292   212   112  10654

  Nov 8, 2010  Monday        97    76   130    67  103   232   364   432   346   412   499   484   454   470   550   581   553   578   528   322   284   210   183   108   8063
  Nov 9, 2010  Tuesday       67    62   122    87   75   247   345   394   356   415   424   409   423   463   575   576   573   477   422   296   254   243   177   108   7590
  Nov 10, 2010 Wednesday     85    83   161    90   80   263   352   399   368   409   460   456   437   538   583   643   653   631   484   390   279   239   208   120   8411
  Nov 11, 2010 Thursday      86    94   139    84   91   212   361   413   443   516   578   510   532   606   659   710   692   635   560   440   369   303   220   141   9394
  Nov 12, 2010 Friday        97    75   129    86   88   195   322   393   464   518   655   665   681   739   883   901   894   735   711   572   453   318   192   160  10926

  Nov 13, 2010 Saturday     112   100    58    63   70    83   110   186   276   350   414   481   428   432   472   476   380   343   245   193   146   150    83    83   5734
  Nov 14, 2010 Sunday        66    55    36    40   31    59    65   109   197   315   461   589   664   754   785   869   850   744   605   464   364   258   199   120   8699

  Nov 15, 2010 Monday        78    68   129    64   81   235   342   405   336   443   456   472   449   471   517   514   559   506   417   276   224   197   198   112   7549
  Nov 16, 2010 Tuesday       90    71   134    62   74   239   305   397   336   386   425   415   422   432   497   560   530   482   386   326   228   205   167    93   7262
  Nov 17, 2010 Wednesday     80    73   144    79   75   210   344   404   385   380   405   418   428   491   523   612   584   559   466   354   300   218   200   124   7856
  Nov 18, 2010 Thursday      76    71   151    87   91   206   353   432   436   387   475   477   474   550   662   707   687   647   524   398   381   272   246   149   8939
  Nov 19, 2010 Friday       103    89   141   105  112   227   340   405   406   474   529   653   686   736   939   982   987   974   840   688   542   393   263   192  11806

  Nov 20, 2010 Saturday     119    96    74    64   74   121   155   247   463   609   778   705   750   732   739   829   815   599   533   403   311   256   271   203   9946
  Nov 21, 2010 Sunday       106    75    41    54   45    43    76   143   358   582   498   643   676   811   901   901   890   722   551   419   345   245   185   123   9433

  Nov 22, 2010 Monday        86    68   131    62   74   184   307   347   296   376   311   434   402   409   507   541   513   413   353   290   267   192   179   108   6850
  Nov 23, 2010 Tuesday       71    72   151    71   92   221   329   381   365   429   559   613   642   789   863   939   912   856   860   691   676   607   471   284  11944
  Nov 24, 2010 Wednesday    195   172   179   127  154   253   352   440   512   607   693   735   522   525   665   815  1124   809   516   436   322   288   234   150  10825
  Nov 25, 2010 Thursday     104    88    43    69   70    82    95   190   335   791  1212  1173   816   522   484   643   738   673   579   538   448   290   215   156  10354
  Nov 26, 2010 Friday        86    58   132    74  113   169   214   263   390   552   776   892   945  1068  1090  1090   946   762   604   472   353   264   177   117  11607

  Nov 27, 2010 Saturday      80    66    54    58   34    72   106   173   390   713  1039  1055   972   991  1110  1148  1071   880   752   599   532   426   265   180  12766
  Nov 28, 2010 Sunday       105    94    50    91   74    69    94   116   272   422   693   964  1211  1437  1783  1918  1969  1655  1273   943   618   442   305   164  16762

  Nov 29, 2010 Monday       101    74   120    72  100   234   339   394   366   408   527   478   553   559   583   637   595   482   345   276   240   214   165    99   7961
  Nov 30, 2010 Tuesday       80    72   113    51   86   192   317   346   330   320   357   373   379   413   461   500   537   421   320   269   191   171   171   111   6581

AVERAGES FOR DAY GROUPINGS 1 am  2 am  3 am  4 am 5 am  6 am  7 am  8 am  9 am 10 am 11 am  Noon  1 pm  2 pm  3 pm  4 pm  5 pm  6 pm  7 pm  8 pm  9 pm 10 pm 11 pm 12 mid TOTAL

               Mondays       95    75   127    67   92   224   339   393   350   409   452   470   460   483   544   567   559   501   420   301   258   204   183   111   7683
               Tuesdays      77    69   128    68   82   222   324   384   339   383   436   455   461   511   581   629   623   547   477   376   325   293   234   142   8167
               Wednesdays   117    98   159    96   99   241   351   408   409   449   505   516   452   511   576   658   741   642   483   381   301   249   217   129   8784
               Thursdays     89    82   121    84   91   186   296   366   395   529   682   671   574   547   608   667   711   644   555   451   395   282   230   145   9398
               Fridays       95    77   138    88  101   202   303   368   428   504   644   710   744   827   953   967   928   849   732   599   475   330   222   157  11438

               Saturdays    104    83    68    67   60    92   125   210   392   571   753   735   711   709   740   776   713   587   486   392   333   289   211   149   9351
               Sundays       93    84    43    61   49    55    86   137   323   475   564   718   806   943  1082  1161  1170  1000   805   612   456   309   225   130  11387

  North        WEEKDAY: (Mon-Fri)   9094  or (Mon-Thur)   8508    WEEKEND: (Sat-Sun)  10369  or (Fri-Sun)  10725    TOTAL Month (MADT):   9356

* - Day Contains Some or All Estimated Data Due to Missing Data or Malfunctions at the ATR.
                                                                                                                                            11:44 Wednesday, April 13, 2011  82

                                                                    Minnesota Department of Transportation
                                                                 Continuous Count Station Edited Data for 2010


---------------------------------------------------------------------Station 26, Direction South, November --------------------------------------------------------------------
                        Hour Ending At:
    DATE         DAY       1 am  2 am  3 am  4 am 5 am  6 am  7 am  8 am  9 am 10 am 11 am  Noon  1 pm  2 pm  3 pm  4 pm  5 pm  6 pm  7 pm  8 pm  9 pm 10 pm 11 pm 12 mid TOTAL

  Nov 1, 2010  Monday        73    46   153    62   70   234   441   503   484   579   729   645   643   606   615   705   630   530   397   319   293   218   174   131   9280
  Nov 2, 2010  Tuesday       86    67   104    76  104   176   305   394   443   537   536   546   556   529   529   556   557   503   356   302   230   203   194   138   8027
  Nov 3, 2010  Wednesday     85    69   121    67   89   187   363   442   439   516   504   516   503   551   549   622   621   511   422   315   255   209   147   159   8262
  Nov 4, 2010  Thursday      80    64   100    82   90   179   318   466   453   535   568   551   557   611   603   699   675   531   407   394   301   254   171   134   8823
  Nov 5, 2010  Friday        94    88   120    69   76   177   314   413   504   593   642   709   658   834   931   870   986   954   775   597   454   331   237   164  11590

  Nov 6, 2010  Saturday     112    79    76    60   70   124   242   318   498   561   651   598   546   580   555   560   507   532   425   366   322   240   150   116   8288
  Nov 7, 2010  Sunday        76    90    44    35   22    80   122   205   308   492   608   704   744   810   850   911  1023  1241  1015   512   288   197   120    80  10577

  Nov 8, 2010  Monday        51    53   125    51   59   254   389   520   534   588   683   627   544   633   600   629   647   504   409   287   237   244   166   131   8965
  Nov 9, 2010  Tuesday       98    89   117    74   91   183   363   503   490   578   603   517   539   534   561   580   608   523   353   307   252   207   164   132   8466
  Nov 10, 2010 Wednesday     88    66   108    80   71   180   334   440   472   546   546   517   570   567   595   671   636   492   409   372   268   237   167   132   8564
  Nov 11, 2010 Thursday      83    77   123    71   77   211   343   465   485   605   646   597   618   647   639   754   673   562   447   396   300   242   168   114   9343
  Nov 12, 2010 Friday        81    78   104    74   90   203   325   435   481   538   666   650   695   827   858   944   952   784   698   576   395   312   233   149  11148

  Nov 13, 2010 Saturday      83    82    40    66   58    34   168   192   309   298   412   452   403   393   403   455   413   345   289   219   181   127    98    95   5615
  Nov 14, 2010 Sunday        81    61    18    23   21    58   107   152   268   471   670   781   756   839   897   886   863   671   552   423   260   175   124    80   9237

  Nov 15, 2010 Monday        41    47   132    54   67   184   401   491   480   524   643   630   616   629   648   707   618   469   400   333   260   207   179   137   8897
  Nov 16, 2010 Tuesday       86    63    87    83   75   190   320   358   441   484   504   516   493   517   552   581   570   440   342   318   232   224   170   126   7772
  Nov 17, 2010 Wednesday     97    46    96    60   85   162   341   445   404   501   497   489   503   528   550   596   627   508   386   271   254   229   178   133   7986
  Nov 18, 2010 Thursday      72    68   109    75   84   190   367   444   443   517   535   554   552   561   621   700   696   559   418   383   303   227   186   137   8801
  Nov 19, 2010 Friday       103    69   141    80   85   200   315   428   493   586   643   573   725   780   904   897   952   861   715   616   449   307   274   229  11425

  Nov 20, 2010 Saturday     126    94    78    59   76   145   323   413   575   679   726   642   664   608   635   658   611   506   485   352   295   246   201   100   9297
  Nov 21, 2010 Sunday        51    25    27    17   27    44    79   129   198   253   441   597   693   774   865   996  1185  1032   601   370   254   218   151    88   9115

  Nov 22, 2010 Monday        54    58   110    52   71   216   319   419   317   495   557   667   522   620   553   586   578   447   384   312   230   192   142   144   8045
  Nov 23, 2010 Tuesday      104    72   101    80   76   193   336   475   477   664   736   675   738   819   914   933  1081   832   820   959   691   502   380   292  12950
  Nov 24, 2010 Wednesday    153   121   152    98   97   254   440   675   769  1002  1108  1138  1042  1041   937  1024   809   672   627   513   351   226   178   142  13569
  Nov 25, 2010 Thursday      89    73    60    39   52    78   175   352   857  1461  1684  1424   745   375   361   321   501   482   454   381   290   186   114    77  10631
  Nov 26, 2010 Friday        54    57    75    58   50   155   283   383   486   683   907   950   864   905   843   773   736   586   476   348   320   225   149   105  10471

  Nov 27, 2010 Saturday      72    46    50    50   43   116   198   357   571   747  1054  1122  1010   906   911   885   773   666   582   819   546   341   203   117  12185
  Nov 28, 2010 Sunday        83    59    64    48   35   102   210   354   660  1080  1639  1792  1740  1807  1674  1590  1346   971   655   539   351   211   135    97  17242

  Nov 29, 2010 Monday        69    55   145    46   72   240   393   496   536   605   689   654   582   661   641   643   609   481   455   320   207   189   162   128   9078
  Nov 30, 2010 Tuesday       75    71    64    61   76   134   245   355   387   416   416   404   418   482   448   546   513   437   275   267   231   204   144   160   6829

AVERAGES FOR DAY GROUPINGS 1 am  2 am  3 am  4 am 5 am  6 am  7 am  8 am  9 am 10 am 11 am  Noon  1 pm  2 pm  3 pm  4 pm  5 pm  6 pm  7 pm  8 pm  9 pm 10 pm 11 pm 12 mid TOTAL

               Mondays       58    52   133    53   68   226   389   486   470   558   660   645   581   630   611   654   616   486   409   314   245   210   165   134   8853
               Tuesdays      90    72    95    75   84   175   314   417   448   536   559   532   549   576   601   639   666   547   429   431   327   268   210   170   8809
               Wednesdays   106    76   119    76   86   196   370   501   521   641   664   665   655   672   658   728   673   546   461   368   282   225   168   142   9595
               Thursdays     81    71    98    67   76   165   301   432   560   780   858   782   618   549   556   619   636   534   432   389   299   227   160   116   9400
               Fridays       83    73   110    70   75   184   309   415   491   600   715   721   736   837   884   871   907   796   666   534   405   294   223   162  11159

               Saturdays     98    75    61    59   62   105   233   320   488   571   711   704   656   622   626   640   576   512   445   439   336   239   163   107   8846
               Sundays       73    59    38    31   26    71   130   210   359   574   840   969   983  1058  1072  1096  1104   979   706   461   288   200   133    86  11543

  South        WEEKDAY: (Mon-Fri)   9563  or (Mon-Thur)   9164    WEEKEND: (Sat-Sun)  10195  or (Fri-Sun)  10516    TOTAL Month (MADT):   9683

* - Day Contains Some or All Estimated Data Due to Missing Data or Malfunctions at the ATR.
                                                                                                                                            11:44 Wednesday, April 13, 2011  83

                                                                    Minnesota Department of Transportation
                                                                 Continuous Count Station Edited Data for 2010


---------------------------------------------------------------------Station 26, Direction North, December --------------------------------------------------------------------
                        Hour Ending At:
    DATE         DAY       1 am  2 am  3 am  4 am 5 am  6 am  7 am  8 am  9 am 10 am 11 am  Noon  1 pm  2 pm  3 pm  4 pm  5 pm  6 pm  7 pm  8 pm  9 pm 10 pm 11 pm 12 mid TOTAL

  Dec 1, 2010  Wednesday     81    68   111    80   82   222   342   415   368   385   455   437   452   489   550   554   538   484   382   346   231   187   190   102   7551
  Dec 2, 2010  Thursday      95    73   139    75   92   232   335   425   407   429   442   448   445   539   530   617   673   582   478   377   278   287   211   140   8349
  Dec 3, 2010  Friday       123    79   152    85   93   223   335   414   423   487   536   622   622   704   721   686   634   487   395   286   236   196   143    96   8778

  Dec 4, 2010  Saturday      83    47    47    36   55    57    98   154   255   366   590   579   549   595   585   564   498   402   311   218   208   182   138    93   6710
  Dec 5, 2010  Sunday        81    61    30    47   37    49    68   129   404   593   518   540   559   621   580   684   633   570   512   382   307   242   198    94   7939

  Dec 6, 2010  Monday        79    64   122    57   77   193   317   371   349   400   421   472   412   462   492   459   495   433   348   281   193   206   179    91   6973
  Dec 7, 2010  Tuesday       70    51   135    55   88   213   330   396   390   398   417   436   412   447   508   511   527   454   379   240   224   192   158   104   7135
  Dec 8, 2010  Wednesday     84    60   128    85   83   224   344   375   408   380   395   390   413   462   535   565   566   513   419   338   279   203   193   117   7559
  Dec 9, 2010  Thursday      81    75   139    71   96   202   345   376   397   344   426   497   455   469   586   534   594   524   427   357   292   245   192   151   7875
  Dec 10, 2010 Friday        92    87   138    94   94   180   334   383   466   505   582   579   601   756   842   824   852   773   667   500   404   410   257   191  10611

  Dec 11, 2010 Saturday     113    91    48    61   45    63    73    93   115   111   118   104    98    94    54    65   100     5     0    16    22     9     6     2   1506
  Dec 12, 2010 Sunday         1     4    13     1    1    13    32    47    81   146   173   252   302   335   447   472   505   454   332   236   191   166   126    80   4410

  Dec 13, 2010 Monday        64    54   121    39   78   174   249   340   370   430   454   537   490   561   564   569   507   397   373   245   203   212   138   113   7282
  Dec 14, 2010 Tuesday       94    66   126    71   89   209   331   451   431   440   413   438   393   485   489   557   537   488   371   290   262   242   197   161   7631
  Dec 15, 2010 Wednesday    107    90   155   113   98   213   332   376   360   389   435   459   426   461   516   504   582   504   377   319   244   221   141   101   7523
  Dec 16, 2010 Thursday      61    96   103    80   84   193   300   355   375   324   394   434   369   545   628   711   663   570   427   401   358   315   228   107   8121
  Dec 17, 2010 Friday       142   104   153    91  117   205   340   405   471   529   599   700   726   814   919  1039   961   908   765   612   450   344   300   201  11895

  Dec 18, 2010 Saturday     139    70   116    99   80    97   142   249   391   672   798   758   784   808   724   813   648   613   492   436   349   278   199   171   9926
  Dec 19, 2010 Sunday       108    71    63    67   54    65    81   131   230   420   582   740   850   955  1029  1056  1026   876   703   566   390   280   222   156  10721

  Dec 20, 2010 Monday        86    81   143    61  110   214   325   377   361   370   434   448   452   547   510   493   395   318   226   217   131   117   134   111   6661
  Dec 21, 2010 Tuesday       76    71   119    57   78   184   249   318   400   447   498   508   533   544   655   631   590   571   443   357   285   265   235   134   8248
  Dec 22, 2010 Wednesday    111    96   154    99  118   221   339   413   423   516   666   698   707   776  1001   962   989   857   735   573   516   450   338   250  12008
  Dec 23, 2010 Thursday     138   137   153   126  113   186   332   362   363   525   674   784   757   887   917   891   794   710   533   462   364   268   227   134  10837
  Dec 24, 2010 Friday       118    87    66    69   55    81    79   110   170   224   344   458   495   594   651   534   395   321   255   251   232   264   208   129   6190

  Dec 25, 2010 Saturday      66    47    19    46   35    33    42    86   182   394   564   673   623   559   553   591   688   596   527   457   368   276   181   103   7709
  Dec 26, 2010 Sunday        52    51    39    34   32    43    76   119   252   462   778  1022  1216  1362  1545  1687  1643  1376  1045   810   605   423   216   131  15019

  Dec 27, 2010 Monday        75    71   101    63   73   144   213   300   386   542   758   884   984  1089  1207  1208  1101   789   612   499   359   262   238   135  12093
  Dec 28, 2010 Tuesday       77    65   112    69   81   189   272   312   370   523   650   645   751   797   922   935   865   778   582   415   317   265   204   136  10332
  Dec 29, 2010 Wednesday     88    80   125    64   84   206   281   344   381   508   647   716   790   870   959   953   945   728   582   422   411   283   237   140  10844
  Dec 30, 2010 Thursday     109    84   130    95   91   180   234   313   280   432   517   596   670   787   840   872   790   616   561   432   354   281   221   168   9653
  Dec 31, 2010 Friday        90    86   105   105   78   120   138   156   211   324   422   391   436   481   476   348   412   257   197   141   113   116    80    53   5336


AVERAGES FOR DAY GROUPINGS 1 am  2 am  3 am  4 am 5 am  6 am  7 am  8 am  9 am 10 am 11 am  Noon  1 pm  2 pm  3 pm  4 pm  5 pm  6 pm  7 pm  8 pm  9 pm 10 pm 11 pm 12 mid TOTAL

               Mondays       76    68   122    55   85   181   276   347   367   436   517   585   585   665   693   682   625   484   390   311   222   199   172   113   8252
               Tuesdays      79    63   123    63   84   199   296   369   398   452   495   507   522   568   644   659   630   573   444   326   272   241   199   134   8337
               Wednesdays    94    79   135    88   93   217   328   385   388   436   520   540   558   612   712   708   724   617   499   400   336   269   220   142   9097
               Thursdays    121    93   133   112   95   199   387   366   364   514   491   552   674   645   700   906   703   600   607   406   329   349   216   140   8967
               Fridays      113    89   123    89   87   162   245   294   348   414   497   550   576   670   722   686   651   549   456   358   287   266   198   134   8562

               Saturdays    100    64    58    61   54    63    89   146   236   386   518   529   514   514   479   508   484   404   333   282   237   186   131    92   6463
               Sundays       61    47    36    37   31    43    64   107   242   405   513   639   732   818   900   975   952   819   648   499   373   278   191   115   9522

  North        WEEKDAY: (Mon-Fri)   8643  or (Mon-Thur)   8663    WEEKEND: (Sat-Sun)   7993  or (Fri-Sun)   8182    TOTAL Month (MADT):   8498

* - Day Contains Some or All Estimated Data Due to Missing Data or Malfunctions at the ATR.
                                                                                                                                            11:44 Wednesday, April 13, 2011  84

                                                                    Minnesota Department of Transportation
                                                                 Continuous Count Station Edited Data for 2010


---------------------------------------------------------------------Station 26, Direction South, December --------------------------------------------------------------------
                        Hour Ending At:
    DATE         DAY       1 am  2 am  3 am  4 am 5 am  6 am  7 am  8 am  9 am 10 am 11 am  Noon  1 pm  2 pm  3 pm  4 pm  5 pm  6 pm  7 pm  8 pm  9 pm 10 pm 11 pm 12 mid TOTAL

  Dec 1, 2010  Wednesday     74    72    87    71   84   154   334   440   429   474   549   543   471   503   558   581   601   529   377   311   217   200   172   156   7987
  Dec 2, 2010  Thursday      64    64    84    75   97   144   303   417   436   455   475   496   462   552   592   642   624   530   429   369   288   245   198   150   8191
  Dec 3, 2010  Friday        85    78    86    65   74   152   303   419   416   524   575   633   658   718   621   493   427   291   261   343   367   256   126   125   8096

  Dec 4, 2010  Saturday      86    68    55    55   45    73   145   176   232   362   406   501   511   456   499   473   374   416   367   286   207   189   171    95   6248
  Dec 5, 2010  Sunday        60    53    15    29   30    47   117   157   222   390   488   587   564   599   781   813  1101  1059   697   426   299   202   116    59   8911

  Dec 6, 2010  Monday        45    50    98    53   63   174   334   404   412   540   653   558   559   549   582   595   565   485   355   296   210   201   172   139   8092
  Dec 7, 2010  Tuesday       92    74    98    78   76   163   318   396   406   460   505   459   502   502   503   590   604   514   345   280   227   222   181   135   7730
  Dec 8, 2010  Wednesday     70    55    87    64   72   165   271   400   409   469   523   481   452   496   592   613   585   522   383   297   229   231   161   123   7750
  Dec 9, 2010  Thursday      95    80   118    63   80   164   286   402   361   403   463   452   470   498   493   587   540   498   378   312   255   241   196   124   7559
  Dec 10, 2010 Friday        83    76    84    71   72   144   282   372   395   522   515   589   611   724   743   814   826   750   614   509   292   260   217   144   9709

  Dec 11, 2010 Saturday      99    56    54    54   40    41    57    77    87   102   122    83    82    62    49    19    31    31    30    32    18    15    11    18   1270
  Dec 12, 2010 Sunday         9     3     7     8   10    12    22    47    96   160   260   374   435   528   518   552   437   364   290   233   186   132    98    70   4851

  Dec 13, 2010 Monday        69    48    78    48   53   167   284   389   406   534   713   699   625   541   588   580   543   451   340   332   245   229   184   125   8271
  Dec 14, 2010 Tuesday       78    74   116    63   97   186   330   363   383   402   479   535   454   543   606   666   617   468   376   335   326   253   211   173   8134
  Dec 15, 2010 Wednesday    100    92    79    70   85   171   308   424   434   439   560   510   502   555   522   535   558   443   340   237   238   202   172   129   7705
  Dec 16, 2010 Thursday      69    74    96    63   90   137   218   350   303   359   373   423   537   552   560   577   493   469   322   388   243   205   151   129   7181
  Dec 17, 2010 Friday        84    71   110    74   75   156   324   394   431   596   618   678   704   774   870   894   890   841   679   686   446   323   288   189  11195

  Dec 18, 2010 Saturday     106    91    87    70   53   123   211   348   510   648   762   808   746   646   667   640   572   533   447   328   317   288   215   138   9354
  Dec 19, 2010 Sunday        70    64    41    35   35    62   121   177   299   420   568   728   693   762   809   771   747   623   528   397   338   201   141   109   8739

  Dec 20, 2010 Monday        66    82    93    42   75   153   318   400   413   493   539   545   458   418   410   365   328   268   169   249   200   161   143   125   6513
  Dec 21, 2010 Tuesday      148   110    87    75   71   142   246   293   355   584   654   767   709   735   742   726   727   581   411   405   315   252   222   162   9519
  Dec 22, 2010 Wednesday     83    74   125    82   56   181   345   488   561   669   771   810   801   816   871   872   989   954   717   708   532   368   277   193  12343
  Dec 23, 2010 Thursday     131    87   120    89   77   164   303   470   569   762   980   930   986   958  1085  1050   952   873   659   577   374   298   203   158  12855
  Dec 24, 2010 Friday        98   109    74    92   71    46   111   153   264   458   609   953   921   906   897   733   698   442   308   236   198   180   196   116   8869

  Dec 25, 2010 Saturday      64    49    31    29   25    49   121   177   412   755  1185  1171   882   669   579   488   441   389   335   279   250   199   142    63   8784
  Dec 26, 2010 Sunday        54    37    78    31   33   139   279   431   647   918  1219  1348  1196   990   982   964   809   684   569   441   345   244   160    85  12683

  Dec 27, 2010 Monday        70    66   101    44   69   200   404   574   661   771  1241  1127   929   983   966   875   818   689   497   419   342   237   211   168  12462
  Dec 28, 2010 Tuesday      112    83   107    79   62   204   424   595   665   821   888   904   859   839   811   817   759   603   489   384   325   252   184   158  11424
  Dec 29, 2010 Wednesday     80    64    99    68   69   188   420   536   618   695   915   987   833   703   769   874   828   939   529   459   366   254   201   213  11707
  Dec 30, 2010 Thursday      90    82    88    69   59   127   238   315   422   543   695   774   753   773   804   853   745   573   491   397   310   186   172   142   9701
  Dec 31, 2010 Friday        90    70    54    47   57    65   106   210   266   389   447   515   443   418   409   343   283   256   232   176   116    74    64    48   5178


AVERAGES FOR DAY GROUPINGS 1 am  2 am  3 am  4 am 5 am  6 am  7 am  8 am  9 am 10 am 11 am  Noon  1 pm  2 pm  3 pm  4 pm  5 pm  6 pm  7 pm  8 pm  9 pm 10 pm 11 pm 12 mid TOTAL

               Mondays       63    62    93    47   65   174   335   442   473   585   787   732   643   623   637   604   564   473   340   324   249   207   178   139   8835
               Tuesdays     108    85   102    74   77   174   330   412   452   567   632   666   631   655   666   700   677   542   405   351   298   245   200   157   9202
               Wednesdays    81    71    95    71   73   172   336   458   490   549   664   666   612   615   662   695   712   677   469   402   316   251   197   163   9498
               Thursdays    112    77   101    90   81   147   337   391   418   631   597   615   802   667   707   927   671   589   570   409   294   294   184   141   9097
               Fridays       88    81    82    70   70   113   225   310   354   498   553   674   667   708   708   655   625   516   419   390   284   219   178   124   8609

               Saturdays     89    66    57    52   41    72   134   195   310   467   619   641   555   458   449   405   355   342   295   231   198   173   135    79   6414
               Sundays       48    39    35    26   27    65   135   203   316   472   634   759   722   720   773   775   774   683   521   374   292   195   129    81   8796

  South        WEEKDAY: (Mon-Fri)   9048  or (Mon-Thur)   9158    WEEKEND: (Sat-Sun)   7605  or (Fri-Sun)   7940    TOTAL Month (MADT):   8678

* - Day Contains Some or All Estimated Data Due to Missing Data or Malfunctions at the ATR.
