                                                                                                                                           11:44 Wednesday, April 13, 2011 1174

                                                                    Minnesota Department of Transportation
                                                                 Continuous Count Station Edited Data for 2010


---------------------------------------------------------------------Station 227, Direction East, July ------------------------------------------------------------------------
                        Hour Ending At:
    DATE         DAY       1 am  2 am  3 am  4 am 5 am  6 am  7 am  8 am  9 am 10 am 11 am  Noon  1 pm  2 pm  3 pm  4 pm  5 pm  6 pm  7 pm  8 pm  9 pm 10 pm 11 pm 12 mid TOTAL

  Jul 26, 2010 Monday         0     0     0     0    0     0     0     0     0     0     0     0     0     0     0     0     0     0     0     0     0     0     0     0      0
  Jul 27, 2010 Tuesday        0     0     0     0    0     0     0     0     0     0     0     0     0   329   344   336   334   348   277   215   213   140    95    73   2704
  Jul 28, 2010 Wednesday     52    37    30    28   41   104   183   219   224   301   333   363   368   355   356   396   364   395   298   248   221   176   136    98   5326
  Jul 29, 2010 Thursday      56    52    38    31   38    98   177   241   251   321   399   428   359   436   432   423   453   445   350   290   244   151   151   104   5968
* Jul 30, 2010 Friday        55    41    32    39   46    99   133   229   270   332   442   523   523   526   512   525   497   505   499   338   285   227   158   121   6957

  Jul 31, 2010 Saturday      67    51    34    34   36    41    93   151   267   380   484   494   500   458   427   395   383   367   368   280   218   203   167   123   6021

AVERAGES FOR DAY GROUPINGS 1 am  2 am  3 am  4 am 5 am  6 am  7 am  8 am  9 am 10 am 11 am  Noon  1 pm  2 pm  3 pm  4 pm  5 pm  6 pm  7 pm  8 pm  9 pm 10 pm 11 pm 12 mid TOTAL

               Mondays        0     0     0     0    0     0     0     0     0     0     0     0     0     0     0     0     0     0     0     0     0     0     0     0      0
               Tuesdays       0     0     0     0    0     0     0     0     0     0     0     0     0   329   344   336   334   348   277   215   213   140    95    73   2704
               Wednesdays    52    37    30    28   41   104   183   219   224   301   333   363   368   355   356   396   364   395   298   248   221   176   136    98   5326
               Thursdays      .    52    38     .   38    98     .   241   251     .   399   428     .   436   432     .   453   445     .   290   244     .   151   104   5968
               Fridays       55    41    32    39   46    99   133   229   270   332   442   523   523   526   512   525   497   505   499   338   285   227   158   121   6957

               Saturdays     67    51    34    34   36    41    93   151   267   380   484   494   500   458   427   395   383   367   368   280   218   203   167   123   6021
               Sundays        .     .     .     .    .     .     .     .     .     .     .     .     .     .     .     .     .     .     .     .     .     .     .     .      .

  East         WEEKDAY: (Mon-Fri)   4191  or (Mon-Thur)   3500    WEEKEND: (Sat-Sun)      .  or (Fri-Sun)      .    TOTAL Month (MADT):   4496

* - Day Contains Some or All Estimated Data Due to Missing Data or Malfunctions at the ATR.
                                                                                                                                           11:44 Wednesday, April 13, 2011 1175

                                                                    Minnesota Department of Transportation
                                                                 Continuous Count Station Edited Data for 2010


---------------------------------------------------------------------Station 227, Direction West, July ------------------------------------------------------------------------
                        Hour Ending At:
    DATE         DAY       1 am  2 am  3 am  4 am 5 am  6 am  7 am  8 am  9 am 10 am 11 am  Noon  1 pm  2 pm  3 pm  4 pm  5 pm  6 pm  7 pm  8 pm  9 pm 10 pm 11 pm 12 mid TOTAL

  Jul 26, 2010 Monday         0     0     0     0    0     0     0     0     0     0     0     0     0     0     0     0     0     0     0     0     0     0     0     0      0
  Jul 27, 2010 Tuesday        0     0     0     0    0     0     0     0     0     0     0     0     0   385   408   425   426   389   295   249   182   167   101    89   3116
  Jul 28, 2010 Wednesday     51    46    38    40   56   104   208   227   255   338   355   324   280   306   347   372   373   318   278   246   179   147   112    69   5069
  Jul 29, 2010 Thursday      56    36    31    25   32    77   133   177   242   281   293   302   323   370   372   373   338   390   301   239   184   157   126    73   4931
  Jul 30, 2010 Friday        56    56    37    27   29    64   127   185   262   309   345   373   410   433   515   465   514   464   409   349   275   186   152   133   6175

  Jul 31, 2010 Saturday      97    70    51    34   30    62    81   176   263   365   459   509   401   439   432   414   364   297   262   237   184   207   133   118   5685

AVERAGES FOR DAY GROUPINGS 1 am  2 am  3 am  4 am 5 am  6 am  7 am  8 am  9 am 10 am 11 am  Noon  1 pm  2 pm  3 pm  4 pm  5 pm  6 pm  7 pm  8 pm  9 pm 10 pm 11 pm 12 mid TOTAL

               Mondays        0     0     0     0    0     0     0     0     0     0     0     0     0     0     0     0     0     0     0     0     0     0     0     0      0
               Tuesdays       0     0     0     0    0     0     0     0     0     0     0     0     0   385   408   425   426   389   295   249   182   167   101    89   3116
               Wednesdays    51    46    38    40   56   104   208   227   255   338   355   324   280   306   347   372   373   318   278   246   179   147   112    69   5069
               Thursdays      .    36    31     .   32    77     .   177   242     .   293   302     .   370   372     .   338   390     .   239   184     .   126    73   4931
               Fridays       56    56    37    27   29    64   127   185   262   309   345   373   410   433   515   465   514   464   409   349   275   186   152   133   6175

               Saturdays     97    70    51    34   30    62    81   176   263   365   459   509   401   439   432   414   364   297   262   237   184   207   133   118   5685
               Sundays        .     .     .     .    .     .     .     .     .     .     .     .     .     .     .     .     .     .     .     .     .     .     .     .      .

  West         WEEKDAY: (Mon-Fri)   3858  or (Mon-Thur)   3279    WEEKEND: (Sat-Sun)      .  or (Fri-Sun)      .    TOTAL Month (MADT):   4163

* - Day Contains Some or All Estimated Data Due to Missing Data or Malfunctions at the ATR.
                                                                                                                                           11:44 Wednesday, April 13, 2011 1176

                                                                    Minnesota Department of Transportation
                                                                 Continuous Count Station Edited Data for 2010


---------------------------------------------------------------------Station 227, Direction East, August ----------------------------------------------------------------------
                        Hour Ending At:
    DATE         DAY       1 am  2 am  3 am  4 am 5 am  6 am  7 am  8 am  9 am 10 am 11 am  Noon  1 pm  2 pm  3 pm  4 pm  5 pm  6 pm  7 pm  8 pm  9 pm 10 pm 11 pm 12 mid TOTAL

  Aug 1, 2010  Sunday        67    51    41    24   40    43    52   120   184   334   443   487   517   514   557   536   573   526   426   372   237   209   129   103   6585

  Aug 2, 2010  Monday        87    51    29    31   44   105   184   245   277   345   384   391   395   405   468   387   384   329   323   224   182   152   102    83   5607
* Aug 3, 2010  Tuesday       46    27    26    27   44    95   175   215   260   294   350   350   348   403   366   372   404   407   326   243   190   139   114    92   5313
  Aug 4, 2010  Wednesday     47    32    31    35   42   107   176   235   287   326   385   374   370   381   416   439   393   400   344   276   216   171   147    64   5694
  Aug 5, 2010  Thursday      65    43    32    35   45   100   192   266   278   363   438   453   434   445   464   565   462   499   463   339   262   198   142   103   6686
  Aug 6, 2010  Friday        71    45    34    40   63    87   175   241   290   366   479   517   549   540   588   515   527   547   517   374   288   226   171   116   7366

  Aug 7, 2010  Saturday      93    58    42    31   39    57   103   151   231   372   435   496   479   465   445   362   405   407   362   312   267   236   161   103   6112
  Aug 8, 2010  Sunday        72    59    63    33   41    45    79   121   195   333   407   533   488   529   581   585   525   490   410   356   269   164   114    85   6577

  Aug 9, 2010  Monday        54    44    28    29   53   109   174   259   269   355   390   394   390   361   389   361   356   361   321   258   206   154   142    81   5538
* Aug 10, 2010 Tuesday       58    48    30    30   55    94   145   249   266   307   327   385   395   389   405   363   391   362   295   250   197   162   107   101   5411
  Aug 11, 2010 Wednesday     57    43    23    37   47   102   176   236   301   340   376   430   423   426   417   453   442   430   379   280   257   204   141   112   6132
  Aug 12, 2010 Thursday      80    45    50    45   48    96   211   248   297   304   378   419   443   422   478   507   430   490   413   325   330   260   169   114   6602
  Aug 13, 2010 Friday        75    65    57    59   56    86   192   253   325   394   476   557   585   533   580   601   498   504   492   406   336   232   198   176   7736

  Aug 14, 2010 Saturday      82    75    44    44   57    60   121   167   281   416   509   527   440   477   426   421   469   422   427   393   306   264   197   134   6759
  Aug 15, 2010 Sunday       121    86    55    41   47    60    73   111   208   335   393   472   525   535   552   578   586   527   455   392   320   210   178   106   6966

  Aug 16, 2010 Monday        69    58    36    83   64   119   177   261   280   331   387   432   396   462   395   424   402   370   347   283   206   164   142    86   5974
  Aug 17, 2010 Tuesday       62    42    42    35   63   102   198   263   293   318   385   371   349   359   354   394   353   350   284   232   191   160   110    80   5390
  Aug 18, 2010 Wednesday     67    38    49    39   47    86   193   225   245   298   371   388   335   363   369   399   390   372   342   279   186   171   122    71   5445
  Aug 19, 2010 Thursday      61    47    36    38   58    76   175   234   279   323   404   382   396   414   399   459   427   438   340   321   244   184   152    87   5974
* Aug 20, 2010 Friday        74    42    34    35   55   106   165   234   356   336   412   472   493   474   464   455   464   444   397   375   292   208   173   128   6688

  Aug 21, 2010 Saturday      90    50    27    33   28    48   104   154   227   319   442   439   395   416   379   365   386   319   313   276   201   253   224   166   5654
  Aug 22, 2010 Sunday       215   104    41    30   57    35    60    93   167   248   409   491   495   526   520   563   551   546   402   328   245   176   134    99   6535

  Aug 23, 2010 Monday        55    35    33    32   58   100   185   264   243   347   334   349   372   341   364   309   385   321   274   221   174   144   111    71   5122
  Aug 24, 2010 Tuesday       39    33    19    32   43   101   174   262   251   265   291   296   320   309   340   366   326   338   285   223   209   150   103    68   4843
  Aug 25, 2010 Wednesday     63    53    26    33   61   102   189   240   262   281   366   356   365   366   358   362   384   366   330   232   207   155   125    72   5354
  Aug 26, 2010 Thursday      46    35    31    46   56   116   168   270   280   347   360   352   387   347   429   382   416   367   311   287   246   176   117    75   5647
* Aug 27, 2010 Friday        58    42    34    35   55   106   165   234   322   360   368   414   393   417   424   418   435   459   407   327   261   215   132    98   6179

  Aug 28, 2010 Saturday      51    43    25    37   35    46   101   141   218   312   368   402   347   384   361   347   334   318   294   231   188   181   120    80   4964
  Aug 29, 2010 Sunday        56    38    33    34   32    42    54    88   129   231   330   400   420   432   458   447   447   437   409   312   203   164   107    87   5390

  Aug 30, 2010 Monday        38    31    20    37   49   124   180   284   253   307   310   369   331   331   347   348   337   310   254   205   185   138    92    69   4949
  Aug 31, 2010 Tuesday       51    32    29    29   39    95   160   269   244   270   311   340   323   317   371   331   298   376   261   209   155   137   107    69   4823

AVERAGES FOR DAY GROUPINGS 1 am  2 am  3 am  4 am 5 am  6 am  7 am  8 am  9 am 10 am 11 am  Noon  1 pm  2 pm  3 pm  4 pm  5 pm  6 pm  7 pm  8 pm  9 pm 10 pm 11 pm 12 mid TOTAL

               Mondays       61    44    29    42   54   111   180   263   264   337   361   387   377   380   393   366   373   338   304   238   191   150   118    78   5438
               Tuesdays      51    36    29    31   49    97   170   252   263   291   333   348   347   355   367   365   354   367   290   231   188   150   108    82   5156
               Wednesdays    59    42    32    36   49    99   184   234   274   311   375   387   373   384   390   413   402   392   349   267   217   175   134    80   5656
               Thursdays     50    43    37    33   52    97   149   255   284   267   395   402   332   407   443   383   434   449   305   318   271   164   145    95   6227
               Fridays       70    49    40    42   57    96   174   241   323   364   434   490   505   491   514   497   481   489   453   371   294   220   169   130   6992

               Saturdays     79    57    35    36   40    53   107   153   239   355   439   466   415   436   403   374   399   367   349   303   241   234   176   121   5872
               Sundays      106    68    47    32   43    45    64   107   177   296   396   477   489   507   534   542   536   505   420   352   255   185   132    96   6411

  East         WEEKDAY: (Mon-Fri)   5894  or (Mon-Thur)   5619    WEEKEND: (Sat-Sun)   6142  or (Fri-Sun)   6425    TOTAL Month (MADT):   5936

* - Day Contains Some or All Estimated Data Due to Missing Data or Malfunctions at the ATR.
                                                                                                                                           11:44 Wednesday, April 13, 2011 1177

                                                                    Minnesota Department of Transportation
                                                                 Continuous Count Station Edited Data for 2010


---------------------------------------------------------------------Station 227, Direction West, August ----------------------------------------------------------------------
                        Hour Ending At:
    DATE         DAY       1 am  2 am  3 am  4 am 5 am  6 am  7 am  8 am  9 am 10 am 11 am  Noon  1 pm  2 pm  3 pm  4 pm  5 pm  6 pm  7 pm  8 pm  9 pm 10 pm 11 pm 12 mid TOTAL

  Aug 1, 2010  Sunday        77    51    39    27   36    31    71    96   190   277   392   476   437   509   535   565   497   449   389   307   255   182   113    73   6074

  Aug 2, 2010  Monday        62    35    26    26   48    96   152   221   264   319   339   392   319   384   397   391   430   372   267   204   151   137    99    61   5192
* Aug 3, 2010  Tuesday       44    28    36    31   37    76   133   197   227   276   278   327   298   380   404   426   398   384   309   243   200   216   200   129   5277
  Aug 4, 2010  Wednesday     49    49    47    40   53    85   162   229   302   311   350   386   365   384   387   423   426   454   323   325   209   198   164    95   5816
  Aug 5, 2010  Thursday      88    49    43    48   58   104   181   247   297   354   406   406   414   459   456   478   467   436   363   307   274   259   255   153   6602
  Aug 6, 2010  Friday        94    73    62    67   62   123   163   263   345   423   463   419   408   411   539   525   494   474   449   377   306   250   284   202   7276

  Aug 7, 2010  Saturday     105    93    83    64   54    78   130   182   275   370   434   413   427   437   448   400   387   353   233   235   194   184   181   190   5950
  Aug 8, 2010  Sunday       116    64    37    43   36    33    72   110   174   309   394   394   438   572   457   542   502   469   435   390   264   188   142    92   6273

  Aug 9, 2010  Monday        53    55    40    50   47   112   162   176   243   286   333   301   344   365   384   376   379   376   283   200   208   179   111    72   5135
* Aug 10, 2010 Tuesday       62    44    42    33   31    73   148   183   237   263   317   323   295   348   360   367   349   354   275   204   169   141   121    81   4820
  Aug 11, 2010 Wednesday     74    40    49    43   53    98   167   228   279   312   370   357   380   394   432   410   424   407   300   261   232   195   138    84   5727
  Aug 12, 2010 Thursday      60    36    56    34   50    96   152   241   259   304   363   368   371   383   449   409   433   393   317   274   228   173   139   112   5700
  Aug 13, 2010 Friday        77    64    48    42   43    96   133   201   248   325   401   451   484   494   479   576   522   487   388   356   322   243   162   120   6762

  Aug 14, 2010 Saturday      64    77    44    51   53    75   111   206   254   365   490   452   420   472   439   418   406   309   268   255   206   184   150    97   5866
  Aug 15, 2010 Sunday        90    53    41    37   20    47    65   103   209   279   411   527   584   588   609   647   531   551   442   404   272   214   136    76   6936

  Aug 16, 2010 Monday        54    42    38    44   76   116   170   233   276   329   370   424   391   434   472   437   425   391   302   253   208   135   103    75   5798
  Aug 17, 2010 Tuesday       49    47    35    24   51    93   140   188   288   301   321   311   354   369   361   384   385   384   309   254   198   161   119    90   5216
  Aug 18, 2010 Wednesday     68    48    31    48   46    93   155   236   270   323   333   348   377   386   386   422   435   405   276   282   216   144   122    63   5513
  Aug 19, 2010 Thursday      63    60    42    43   62   114   142   217   276   308   358   345   410   431   421   419   477   405   334   300   209   191   112    96   5835
  Aug 20, 2010 Friday        64    59    42    54   44    82   142   203   303   326   394   425   420   487   499   525   540   566   471   337   244   192   160   120   6699

  Aug 21, 2010 Saturday      76    50    43    48   46    64   110   174   258   364   430   437   426   415   418   404   352   321   243   244   195   180   145    94   5537
  Aug 22, 2010 Sunday        74    56    21    17   25    32    40    83   176   282   380   482   473   456   529   542   500   464   349   307   238   226   103    89   5944

  Aug 23, 2010 Monday        75    32    22    35   65   103   177   186   261   313   359   395   351   369   405   434   399   376   251   244   196   168   117    68   5401
  Aug 24, 2010 Tuesday       46    41    31    35   41    80   161   226   273   318   336   337   342   339   386   378   360   359   261   245   173   177   108    59   5112
  Aug 25, 2010 Wednesday     50    33    35    37   41    79   131   222   244   339   316   311   340   363   363   384   395   370   298   264   206   126   106    74   5127
  Aug 26, 2010 Thursday      51    41    34    35   49    99   160   201   239   303   344   343   332   369   377   409   415   363   311   287   227   190   124    83   5386
  Aug 27, 2010 Friday        56    44    40    41   43    79   140   204   270   322   327   412   397   460   461   460   530   501   402   334   238   190   151    98   6200

  Aug 28, 2010 Saturday      71    51    37    41   34    50   102   174   254   339   380   346   349   349   355   313   323   277   261   194   190   175   133   100   4898
  Aug 29, 2010 Sunday        76    47    20    24   28    20    58    72   134   221   325   361   392   400   469   503   498   411   329   283   248   163   108    56   5246

  Aug 30, 2010 Monday        53    46    26    37   54   107   162   222   248   267   356   327   315   334   368   357   362   329   248   211   193   134    99    68   4923
* Aug 31, 2010 Tuesday       46    39    37    31   39    78   136   223   234   262   312   284   307   315   331   350   385   269   254   184   145   139   104    88   4592

AVERAGES FOR DAY GROUPINGS 1 am  2 am  3 am  4 am 5 am  6 am  7 am  8 am  9 am 10 am 11 am  Noon  1 pm  2 pm  3 pm  4 pm  5 pm  6 pm  7 pm  8 pm  9 pm 10 pm 11 pm 12 mid TOTAL

               Mondays       59    42    30    38   58   107   165   208   258   303   351   368   344   377   405   399   399   369   270   222   191   151   106    69   5290
               Tuesdays      49    40    36    31   40    80   144   203   252   284   313   316   319   350   368   381   375   350   282   226   177   167   130    89   5003
               Wednesdays    60    43    41    42   48    89   154   229   274   321   342   351   366   382   392   410   420   409   299   283   216   166   133    79   5546
               Thursdays     52    47    44    32   55   103   127   227   268   254   368   366   305   411   426   343   448   399   265   292   235   163   158   111   5881
               Fridays       73    60    48    51   48    95   145   218   292   349   396   427   427   463   495   522   522   507   428   351   278   219   189   135   6734

               Saturdays     79    68    52    51   47    67   113   184   260   360   434   412   406   418   415   384   367   315   251   232   196   181   152   120   5563
               Sundays       87    54    32    30   29    33    61    93   177   274   380   448   465   505   520   560   506   469   389   338   255   195   120    77   6095

  West         WEEKDAY: (Mon-Fri)   5691  or (Mon-Thur)   5430    WEEKEND: (Sat-Sun)   5829  or (Fri-Sun)   6131    TOTAL Month (MADT):   5704

* - Day Contains Some or All Estimated Data Due to Missing Data or Malfunctions at the ATR.
                                                                                                                                           11:44 Wednesday, April 13, 2011 1178

                                                                    Minnesota Department of Transportation
                                                                 Continuous Count Station Edited Data for 2010


---------------------------------------------------------------------Station 227, Direction East, September -------------------------------------------------------------------
                        Hour Ending At:
    DATE         DAY       1 am  2 am  3 am  4 am 5 am  6 am  7 am  8 am  9 am 10 am 11 am  Noon  1 pm  2 pm  3 pm  4 pm  5 pm  6 pm  7 pm  8 pm  9 pm 10 pm 11 pm 12 mid TOTAL

  Sep 1, 2010  Wednesday     52    36    18    26   49   111   162   262   259   285   323   343   325   339   329   355   342   326   332   240   175   158   125    75   5047
  Sep 2, 2010  Thursday      41    42    34    40   49    98   159   277   270   353   373   396   431   415   445   491   398   395   368   271   229   168   172   175   6090
  Sep 3, 2010  Friday        59    45    30    47   51   100   158   236   251   308   401   401   472   455   493   483   456   503   456   388   280   235   153    86   6547

  Sep 4, 2010  Saturday      78    44    53    25   33    58    99   138   247   326   468   502   426   353   343   301   290   270   225   197   167   152   114    79   4988
  Sep 5, 2010  Sunday        52    44    23    26   19    42    50    73   152   236   327   363   367   358   347   339   353   293   293   267   222   164   115    87   4612

  Sep 6, 2010  Monday        50    35    35    27   30    26    55    89   154   275   355   493   548   625   570   544   574   523   439   324   218   177    94    53   6313
  Sep 7, 2010  Tuesday       43    27    25    23   45   107   172   266   250   278   312   312   314   296   325   351   297   313   206   202   162   143    96    59   4624
  Sep 8, 2010  Wednesday     49    25    17    22   39    93   163   272   255   273   315   321   284   300   312   335   320   267   265   188   167   107    80    65   4534
  Sep 9, 2010  Thursday      31    44    27    34   48    95   144   263   248   287   332   323   347   311   390   359   359   325   305   221   159   125    97    64   4938
  Sep 10, 2010 Friday        56    33    30    31   60    95   163   249   259   310   331   412   398   501   427   453   434   472   391   311   254   169   116    70   6025

  Sep 11, 2010 Saturday      54    43    27    26   41    79   123   155   245   280   347   330   294   299   299   291   325   303   248   223   180   164   136    64   4576
  Sep 12, 2010 Sunday        54    39    26    21   24    47    58    75   166   230   303   333   386   348   386   443   419   426   372   259   239   139    95    63   4951

  Sep 13, 2010 Monday        35    36    26    36   45   109   153   266   226   294   303   307   298   362   324   309   340   290   257   244   172   128    91    65   4716
  Sep 14, 2010 Tuesday       45    38    24    29   37    89   167   288   260   274   302   332   281   316   309   289   340   325   250   202   150   127    82    71   4627
  Sep 15, 2010 Wednesday     39    34    39    27   35    90   139   260   262   258   325   330   293   338   297   362   331   323   258   250   170   127    95    58   4740
  Sep 16, 2010 Thursday      32    39    37    33   43    94   147   280   255   299   343   351   320   355   354   388   415   410   328   254   195   153   125    72   5322
  Sep 17, 2010 Friday        43    28    24    22   42    85   157   226   269   292   390   415   381   423   465   469   450   483   426   355   283   196   162   111   6197

  Sep 18, 2010 Saturday      70    54    28    21   30    48    90   144   263   341   441   444   414   405   368   385   372   332   263   230   203   163   106    83   5298
  Sep 19, 2010 Sunday        53    30    27    24   27    33    45   113   224   275   357   383   414   417   405   441   442   478   356   283   210   144   103    65   5349

  Sep 20, 2010 Monday        45    30    20    36   40   104   167   279   256   260   298   373   339   308   326   380   378   315   270   204   178   133    89    63   4891
  Sep 21, 2010 Tuesday       48    28    49    27   59    97   158   270   230   312   279   297   281   282   299   331   312   333   241   207   170   117    75    50   4552
  Sep 22, 2010 Wednesday     34    32    20    26   38    76   154   260   241   294   293   425   306   328   334   374   355   331   262   220   161   164    91    70   4889
  Sep 23, 2010 Thursday      44    27    24    34   52    90   146   230   254   277   388   393   336   369   331   401   368   405   303   232   172   126   112    61   5175
  Sep 24, 2010 Friday        47    37    27    25   37    98   139   271   264   347   373   434   448   447   419   501   429   461   411   306   256   164   125    67   6133

  Sep 25, 2010 Saturday      61    35    31    25   27    66   103   123   241   299   380   398   380   339   340   330   344   300   297   238   170   179   116    64   4886
* Sep 26, 2010 Sunday        63    32    18    26   32    33    61    94   212   295   326   382   373   390   398   431   466   428   342   280   216   162   118    70   5248

  Sep 27, 2010 Monday        56    33    28    35   43   108   167   252   250   294   313   335   313   326   304   349   316   284   247   204   170   145   103    72   4747
  Sep 28, 2010 Tuesday       49    47    18    27   50   108   190   271   257   270   301   270   310   316   356   309   319   328   239   190   157   150    98    67   4697
  Sep 29, 2010 Wednesday     50    29    34    34   42   108   181   247   260   312   329   345   337   324   359   342   386   356   307   239   144   148   115    88   5116
  Sep 30, 2010 Thursday      50    43    38    25   56   103   184   263   251   300   335   350   343   366   368   416   409   393   312   260   230   150   101    92   5438

AVERAGES FOR DAY GROUPINGS 1 am  2 am  3 am  4 am 5 am  6 am  7 am  8 am  9 am 10 am 11 am  Noon  1 pm  2 pm  3 pm  4 pm  5 pm  6 pm  7 pm  8 pm  9 pm 10 pm 11 pm 12 mid TOTAL

               Mondays       47    34    27    34   40    87   136   222   222   281   317   377   375   405   381   396   402   353   303   244   185   146    94    63   5167
               Tuesdays      46    35    29    27   48   100   172   274   249   284   299   303   297   303   322   320   317   325   234   200   160   134    88    62   4625
               Wednesdays    45    31    26    27   41    96   160   260   255   284   317   353   309   326   326   354   347   321   285   227   163   141   101    71   4865
               Thursdays     50    39    32    42   50    96   195   263   256   379   354   363   444   363   378   514   390   386   404   248   197   181   121    93   5393
               Fridays       51    36    28    31   48    95   154   246   261   314   374   416   425   457   451   477   442   480   421   340   268   191   139    84   6226

               Saturdays     66    44    35    24   33    63   104   140   249   312   409   419   379   349   338   327   333   301   258   222   180   165   118    73   4937
               Sundays       56    36    24    24   26    39    54    89   189   259   328   365   385   378   384   414   420   406   341   272   222   152   108    71   5040

  East         WEEKDAY: (Mon-Fri)   5255  or (Mon-Thur)   5013    WEEKEND: (Sat-Sun)   4989  or (Fri-Sun)   5401    TOTAL Month (MADT):   5176

* - Day Contains Some or All Estimated Data Due to Missing Data or Malfunctions at the ATR.
                                                                                                                                           11:44 Wednesday, April 13, 2011 1179

                                                                    Minnesota Department of Transportation
                                                                 Continuous Count Station Edited Data for 2010


---------------------------------------------------------------------Station 227, Direction West, September -------------------------------------------------------------------
                        Hour Ending At:
    DATE         DAY       1 am  2 am  3 am  4 am 5 am  6 am  7 am  8 am  9 am 10 am 11 am  Noon  1 pm  2 pm  3 pm  4 pm  5 pm  6 pm  7 pm  8 pm  9 pm 10 pm 11 pm 12 mid TOTAL

  Sep 1, 2010  Wednesday     51    38    29    40   47    92   129   191   201   263   271   296   293   308   292   320   368   349   294   215   192   126   104    66   4575
  Sep 2, 2010  Thursday      52    48    35    36   59    91   120   206   214   285   273   303   308   296   373   349   355   380   337   309   228   196   134   104   5091
  Sep 3, 2010  Friday       110    64    41    49   55   100   142   190   242   295   346   373   422   447   523   540   538   534   482   406   395   228   163   131   6816

  Sep 4, 2010  Saturday      91    62    43    53   32    52    79   144   249   337   423   416   350   362   346   318   297   251   217   197   196   152   110    88   4865
  Sep 5, 2010  Sunday        56    24    28    22   14    20    45    76   133   174   244   308   310   281   355   324   302   327   268   271   231   167   103    66   4149

  Sep 6, 2010  Monday        47    30    15    13   16    29    39    76   128   219   289   337   405   447   496   489   470   446   354   307   204   144   102    60   5162
  Sep 7, 2010  Tuesday       39    22    26    30   53    88   128   203   230   263   270   290   292   269   320   336   364   312   226   158   137   125    96    72   4349
  Sep 8, 2010  Wednesday     48    16    21    33   37    77   133   183   214   230   258   272   244   284   292   322   314   299   235   165   144    89    70    70   4050
  Sep 9, 2010  Thursday      50    39    27    35   33    65   116   183   219   219   247   262   283   296   343   316   316   277   247   201   164   110    82    56   4186
  Sep 10, 2010 Friday        47    31    23    38   45    63   102   174   218   259   285   301   296   373   388   439   449   410   301   313   222   142   162    94   5175

* Sep 11, 2010 Saturday      48    50    37    35   44    56   137   183   279   284   385   357   294   351   336   299   262   314   257   216   189   169   121    81   4784
  Sep 12, 2010 Sunday        59    40    43    31   21    29    48    80   142   221   327   326   391   376   409   420   357   323   290   266   207   136    88    56   4686

  Sep 13, 2010 Monday        35    34    24    31   51    94   154   200   211   241   296   307   300   300   278   309   307   245   252   179   159   115    88    54   4264
  Sep 14, 2010 Tuesday       35    36    26    23   37    75   127   184   229   242   254   237   269   268   275   299   336   277   233   181   129   119    77    53   4021
  Sep 15, 2010 Wednesday     30    28    11    35   34    67   124   175   195   252   240   249   279   248   262   326   329   308   204   147   135    85    75    57   3895
  Sep 16, 2010 Thursday      59    67    45    34   44    85   126   194   206   252   245   276   255   299   336   381   347   316   246   237   172   159    83    60   4524
  Sep 17, 2010 Friday        49    46    33    31   56    71   117   195   226   254   298   303   371   427   426   489   485   461   413   354   363   315   152    95   6030

  Sep 18, 2010 Saturday      93    70    75    55  146   138   207   159   229   311   292   315   309   305   302   310   242   282   228   190   158   162    94   109   4781
  Sep 19, 2010 Sunday        83    35    32    22   20    25    44    80   122   229   363   316   298   394   391   387   455   517   475   361   207   134    80    47   5117

  Sep 20, 2010 Monday        36    33    17    34   52    93   136   225   218   254   343   294   373   377   347   359   329   274   276   176   147   132    87    53   4665
  Sep 21, 2010 Tuesday       49    32    26    31   34    75   107   199   200   230   315   362   294   260   366   352   289   287   220   154   136   104    74    70   4266
  Sep 22, 2010 Wednesday     48    30    27    21   44    75   126   189   177   205   252   218   234   264   324   312   286   300   189   155   123   102    71    59   3831
  Sep 23, 2010 Thursday      48    55    39    39   63    95   148   227   258   322   353   313   359   392   407   447   606   535   415   318   363   333   245    61   6441
  Sep 24, 2010 Friday        48   124    41    31   40    73   103   167   162   221   242   281   292   361   369   390   401   354   334   282   213   144   120    82   4875

  Sep 25, 2010 Saturday      67    57    37    20   28    45    81   114   213   264   315   281   276   340   366   265   243   222   217   194   212   147   124    84   4212
  Sep 26, 2010 Sunday        99    49    26    18   18    23    45    79   116   225   295   292   349   340   404   412   450   504   536   373   242   171   119    76   5261

  Sep 27, 2010 Monday        35    30    22    32   56    89   166   216   223   324   364   310   309   344   339   403   340   308   207   161   161   116    89    62   4706
  Sep 28, 2010 Tuesday       38    27    26    35   50    83   132   202   187   238   338   387   319   251   319   303   293   268   210   212   155   130    76    58   4337
  Sep 29, 2010 Wednesday     42    30    29    40   47   101   134   220   261   291   399   373   337   266   295   289   287   295   219   239   157   128   110    80   4669
  Sep 30, 2010 Thursday      57    47    39    36   55    87   172   195   212   222   237   241   243   238   311   344   319   306   262   245   180   177   111    85   4421

AVERAGES FOR DAY GROUPINGS 1 am  2 am  3 am  4 am 5 am  6 am  7 am  8 am  9 am 10 am 11 am  Noon  1 pm  2 pm  3 pm  4 pm  5 pm  6 pm  7 pm  8 pm  9 pm 10 pm 11 pm 12 mid TOTAL

               Mondays       38    32    20    28   44    76   124   179   195   260   323   312   347   367   365   390   362   318   272   206   168   127    92    57   4699
               Tuesdays      40    29    26    30   44    80   124   197   212   243   294   319   294   262   320   323   321   286   222   176   139   120    81    63   4243
               Wednesdays    44    28    23    34   42    82   129   192   210   248   284   282   277   274   293   314   317   310   228   184   150   106    86    66   4204
               Thursdays     67    51    37    45   51    85   171   201   222   325   271   279   362   304   354   459   389   363   377   262   221   244   131    73   4933
               Fridays       64    66    35    37   49    77   116   182   212   257   293   315   345   402   427   465   468   440   383   339   298   207   149   101   5724

               Saturdays     75    60    48    41   63    73   126   150   243   299   354   342   307   340   338   298   261   267   230   199   189   158   112    91   4661
               Sundays       74    37    32    23   18    24    46    79   128   212   307   311   337   348   390   386   391   418   392   318   222   152    98    61   4803

  West         WEEKDAY: (Mon-Fri)   4761  or (Mon-Thur)   4520    WEEKEND: (Sat-Sun)   4732  or (Fri-Sun)   5063    TOTAL Month (MADT):   4740

* - Day Contains Some or All Estimated Data Due to Missing Data or Malfunctions at the ATR.
                                                                                                                                           11:44 Wednesday, April 13, 2011 1180

                                                                    Minnesota Department of Transportation
                                                                 Continuous Count Station Edited Data for 2010


---------------------------------------------------------------------Station 227, Direction East, October ---------------------------------------------------------------------
                        Hour Ending At:
    DATE         DAY       1 am  2 am  3 am  4 am 5 am  6 am  7 am  8 am  9 am 10 am 11 am  Noon  1 pm  2 pm  3 pm  4 pm  5 pm  6 pm  7 pm  8 pm  9 pm 10 pm 11 pm 12 mid TOTAL

  Oct 1, 2010  Friday        58    34    41    36   55   102   171   275   297   340   402   458   433   457   512   554   489   524   481   335   246   216   137    82   6735

  Oct 2, 2010  Saturday      63    45    35    32   42    53   123   207   333   409   404   421   385   335   336   327   309   295   243   230   191   169   134    79   5200
  Oct 3, 2010  Sunday        75    46    25    12   28    48    51    97   166   246   377   458   486   498   486   490   537   536   450   333   262   161   104    69   6041

  Oct 4, 2010  Monday        58    41    27    40   56   109   182   294   240   289   321   308   350   305   319   369   315   343   253   227   168   158    86    65   4923
  Oct 5, 2010  Tuesday       55    38    23    42   56   105   181   252   266   252   270   300   294   308   333   350   311   322   275   212   184   141   111    65   4746
  Oct 6, 2010  Wednesday     53    35    36    40   51   110   174   265   276   285   265   352   308   347   348   379   355   349   299   197   162   136   123    71   5016
  Oct 7, 2010  Thursday      48    48    30    50   47   119   168   256   273   257   353   344   328   343   378   380   408   339   276   265   225   145   110    93   5283
  Oct 8, 2010  Friday        61    39    38    47   45   100   184   242   280   324   376   404   415   439   423   507   490   456   485   328   281   170   108    92   6334

  Oct 9, 2010  Saturday      51    28    35    29   32    60   110   182   240   332   390   361   346   342   278   294   281   278   235   237   164   139   120    80   4644
  Oct 10, 2010 Sunday        46    42    19    16   23    36    40    83   161   266   349   332   383   431   398   487   478   450   349   277   238   205   103    67   5279

  Oct 11, 2010 Monday        37    36    25    42   44   109   228   287   277   270   278   310   280   306   305   324   342   316   245   188   160   132    94    62   4697
  Oct 12, 2010 Tuesday       46    42    24    31   46   106   156   285   252   258   270   295   269   320   313   331   306   288   258   182   144   131   113    73   4539
  Oct 13, 2010 Wednesday     34    27    26    40   49    95   154   239   267   259   284   239   267   311   307   295   278   287   272   241   162   132    83    49   4397
  Oct 14, 2010 Thursday      38    40    21    31   48    97   164   275   252   256   290   278   264   302   333   330   316   347   275   236   175   163    90    69   4690
  Oct 15, 2010 Friday        58    30    26    37   47   104   166   243   283   256   372   363   348   365   403   424   429   398   412   308   235   221   153    76   5757

  Oct 16, 2010 Saturday      65    30    39    28   33    47    76   169   205   330   374   378   356   319   329   285   327   268   265   224   171   111    96    55   4580
  Oct 17, 2010 Sunday        47    25    24    22   29    31    65    77   150   305   350   434   432   371   421   479   440   369   335   304   255   177   104    73   5319

* Oct 18, 2010 Monday        51    30    21    35   37   105   167   288   262   261   288   313   291   294   300   338   354   334   229   217   197   140   121    73   4746
* Oct 19, 2010 Tuesday       47    27    23    36   52   112   162   249   258   275   297   287   296   300   288   358   356   356   289   246   178   127   112    72   4803
* Oct 20, 2010 Wednesday     60    32    30    39   57    94   158   255   273   304   287   313   320   338   390   397   395   389   328   240   156   180    99    72   5206
* Oct 21, 2010 Thursday      48    35    28    36   48    95   171   246   252   288   315   327   311   317   343   361   370   344   290   220   182   145   124    72   4968
* Oct 22, 2010 Friday        60    38    30    37   57    93   156   229   260   291   339   369   366   379   398   434   419   421   376   288   216   161   122    84   5623

* Oct 23, 2010 Saturday      57    43    28    30   28    48    96   140   214   288   350   349   331   307   282   287   268   274   251   220   188   135   107    78   4399
* Oct 24, 2010 Sunday        54    30    27    22   24    38    47    82   140   224   295   373   405   431   437   461   468   427   380   320   234   169   109    77   5274

  Oct 25, 2010 Monday        37    31    18    25   50   110   183   278   270   298   307   288   332   326   346   343   342   315   257   179   120   120    75    63   4713
  Oct 26, 2010 Tuesday       45    30    30    20   57    87   157   248   210   248   277   278   296   302   285   313   292   272   208   158   121    93    82    46   4155
  Oct 27, 2010 Wednesday     38    25    19    24   39    90   143   231   225   244   261   261   265   297   309   286   330   313   248   148   130   116    86    48   4176
  Oct 28, 2010 Thursday      40    21    34    29   52    90   169   243   249   287   284   308   318   335   343   351   353   376   313   210   163   136   107    58   4869
* Oct 29, 2010 Friday        57    37    29    36   54    89   149   220   249   279   326   354   351   364   382   417   403   404   361   276   208   154   117    84   5400

* Oct 30, 2010 Saturday      54    42    27    29   27    47    92   135   206   276   337   336   318   295   271   275   257   263   242   211   180   130   103    72   4225
* Oct 31, 2010 Sunday        51    29    26    21   23    37    46    79   135   215   283   358   389   414   419   443   449   411   365   308   225   162   105    72   5065


AVERAGES FOR DAY GROUPINGS 1 am  2 am  3 am  4 am 5 am  6 am  7 am  8 am  9 am 10 am 11 am  Noon  1 pm  2 pm  3 pm  4 pm  5 pm  6 pm  7 pm  8 pm  9 pm 10 pm 11 pm 12 mid TOTAL

               Mondays       46    35    23    36   47   108   190   287   262   280   299   305   313   308   318   344   338   327   246   203   161   138    94    66   4770
               Tuesdays      48    34    25    32   53   103   164   259   247   258   279   290   289   308   305   338   316   310   258   200   157   123   105    64   4561
               Wednesdays    46    30    28    36   49    97   157   248   260   273   274   291   290   323   339   339   340   335   287   207   153   141    98    60   4699
               Thursdays     35    36    28    29   49   100   134   255   257   218   311   314   244   324   349   284   362   352   231   233   186   118   108    73   4953
               Fridays       59    36    33    39   52    98   165   242   274   298   363   390   383   401   424   467   446   441   423   307   237   184   127    84   5970

               Saturdays     58    38    33    30   32    51    99   167   240   327   371   369   347   320   299   294   288   276   247   224   179   137   112    73   4610
               Sundays       55    34    24    19   25    38    50    84   150   251   331   391   419   429   432   472   474   439   376   308   243   175   105    72   5396

  East         WEEKDAY: (Mon-Fri)   4991  or (Mon-Thur)   4746    WEEKEND: (Sat-Sun)   5003  or (Fri-Sun)   5325    TOTAL Month (MADT):   5026

* - Day Contains Some or All Estimated Data Due to Missing Data or Malfunctions at the ATR.
                                                                                                                                           11:44 Wednesday, April 13, 2011 1181

                                                                    Minnesota Department of Transportation
                                                                 Continuous Count Station Edited Data for 2010


---------------------------------------------------------------------Station 227, Direction West, October ---------------------------------------------------------------------
                        Hour Ending At:
    DATE         DAY       1 am  2 am  3 am  4 am 5 am  6 am  7 am  8 am  9 am 10 am 11 am  Noon  1 pm  2 pm  3 pm  4 pm  5 pm  6 pm  7 pm  8 pm  9 pm 10 pm 11 pm 12 mid TOTAL

  Oct 1, 2010  Friday        68    33    34    35   69    81   118   185   219   279   285   360   348   439   427   459   456   438   375   287   227   203   167   103   5695

  Oct 2, 2010  Saturday      74    61    37    37   30    83    89   156   243   324   313   321   342   327   342   303   311   285   248   227   203   178   128    98   4760
  Oct 3, 2010  Sunday        51    37    44    23   26    36    59   105   113   185   294   349   384   448   492   513   535   514   460   340   259   149   107    71   5594

  Oct 4, 2010  Monday        43    30    28    39   49   109   140   202   210   227   283   301   251   307   306   316   305   255   216   195   151    97    80    60   4200
  Oct 5, 2010  Tuesday       41    34    32    35   61   103   128   196   218   226   229   231   217   246   252   318   338   279   192   177   129   116    90    54   3942
  Oct 6, 2010  Wednesday     45    29    37    32   48    90   140   193   227   207   225   241   242   285   297   322   344   311   200   179   152   122   107    62   4137
  Oct 7, 2010  Thursday      35    59    36    34   48    83   115   207   208   197   249   265   256   261   290   329   356   315   252   213   160   147   121    85   4321
  Oct 8, 2010  Friday        49    40    37    33   61    83   113   186   230   269   289   284   337   380   417   470   439   413   356   319   223   175   129    95   5427

  Oct 9, 2010  Saturday      60    40    37    30   33    49    79   160   202   271   316   324   297   285   263   305   311   251   202   167   151   144    95    96   4168
  Oct 10, 2010 Sunday        42    36    19    11   27    32    37    59   120   215   251   290   333   363   372   415   431   395   338   259   193   123    91    64   4516

  Oct 11, 2010 Monday        65    42    27    37   50   118   164   211   226   254   294   313   302   321   385   376   368   294   214   170   145   101    63    52   4592
  Oct 12, 2010 Tuesday       34    33    24    37   36    80   116   199   208   245   211   270   265   262   283   312   320   290   217   181   159   121    79    55   4037
  Oct 13, 2010 Wednesday     36    31    23    26   49    77   149   199   199   211   234   238   254   255   281   302   299   307   227   196   162   126    68    51   4000
  Oct 14, 2010 Thursday      45    38    38    41   41    79   144   165   192   235   243   234   263   267   301   308   361   309   251   237   161   144    84    59   4240
  Oct 15, 2010 Friday        60    46    28    36   56    86   136   208   245   330   373   386   412   444   403   489   460   466   374   316   218   147   128    90   5937

  Oct 16, 2010 Saturday      59    50    38    39   51    56   107   149   190   263   324   271   280   272   263   273   225   249   218   184   177   121   115    82   4056
* Oct 17, 2010 Sunday        57    30    20    22   23    36    44    61   105   154   236   294   329   318   358   419   352   370   307   297   202   141   117    60   4352

* Oct 18, 2010 Monday        33    24    32    52   59   117   164   208   219   288   305   314   301   321   346   414   382   342   284   211   154   145   107    66   4888
* Oct 19, 2010 Tuesday       41    37    33    41   69   108   157   245   272   209   269   285   275   290   306   349   370   385   266   208   192   134   100    55   4696
* Oct 20, 2010 Wednesday     58    36    37    46   86   123   193   221   282   316   265   317   282   338   307   423   417   365   309   225   194   139   104   107   5190
* Oct 21, 2010 Thursday      47    45    36    37   53    92   134   218   259   282   311   299   320   313   357   392   401   363   285   240   191   151   109    75   5010
* Oct 22, 2010 Friday        63    43    40    44   63    81   138   226   273   302   363   391   395   437   476   488   498   469   400   330   253   188   144   103   6208

* Oct 23, 2010 Saturday      69    55    45    35   56    68   104   157   225   273   348   312   306   286   272   287   295   257   246   221   191   136   118    80   4442
* Oct 24, 2010 Sunday        57    35    28    20   22    25    51    83   110   161   229   288   320   355   409   454   445   433   376   300   204   142    94    63   4704

  Oct 25, 2010 Monday        45    36    21    31   60   118   177   232   206   301   345   290   345   330   374   393   385   327   222   186   184    94   101    52   4855
  Oct 26, 2010 Tuesday       40    27    38    25   43    76   115   199   218   243   246   261   268   274   306   316   315   292   204   176   138   120   108    67   4115
  Oct 27, 2010 Wednesday     38    45    30    24   59    91   123   193   192   254   281   242   285   282   330   324   365   283   208   178   176   115    86    69   4273
  Oct 28, 2010 Thursday      45    33    31    34   64    85   148   241   245   305   311   285   310   327   396   357   398   337   287   214   170   132    75    73   4903
* Oct 29, 2010 Friday        60    42    39    43   60    78   133   217   262   290   349   375   379   420   457   468   478   451   384   317   243   180   139    98   5962

* Oct 30, 2010 Saturday      66    52    44    34   53    65   100   150   216   262   334   300   294   275   261   276   283   247   236   213   183   131   114    78   4267
* Oct 31, 2010 Sunday        54    34    27    19   21    24    49    80   106   154   220   277   308   341   393   436   427   415   361   288   196   137    90    61   4518


AVERAGES FOR DAY GROUPINGS 1 am  2 am  3 am  4 am 5 am  6 am  7 am  8 am  9 am 10 am 11 am  Noon  1 pm  2 pm  3 pm  4 pm  5 pm  6 pm  7 pm  8 pm  9 pm 10 pm 11 pm 12 mid TOTAL

               Mondays       47    33    27    40   55   116   161   213   215   268   307   305   300   320   353   375   360   305   234   191   159   109    88    58   4634
               Tuesdays      39    33    32    35   52    92   129   210   229   231   239   262   256   268   287   324   336   312   220   186   155   123    94    58   4198
               Wednesdays    44    35    32    32   61    95   151   202   225   247   251   260   266   290   304   343   356   317   236   195   171   126    91    72   4400
               Thursdays     34    44    35    29   52    85   108   208   226   204   279   271   230   292   336   277   379   331   215   226   171   115    97    73   4619
               Fridays       60    41    36    38   62    82   128   204   246   294   332   359   374   424   436   475   466   447   378   314   233   179   141    98   5846

               Saturdays     66    52    40    35   45    64    96   154   215   279   327   306   304   289   280   289   285   258   230   202   181   142   114    87   4339
               Sundays       52    34    28    19   24    31    48    78   111   174   246   300   335   365   405   447   438   425   368   297   211   138   100    64   4737

  West         WEEKDAY: (Mon-Fri)   4739  or (Mon-Thur)   4463    WEEKEND: (Sat-Sun)   4538  or (Fri-Sun)   4974    TOTAL Month (MADT):   4710

* - Day Contains Some or All Estimated Data Due to Missing Data or Malfunctions at the ATR.
                                                                                                                                           11:44 Wednesday, April 13, 2011 1182

                                                                    Minnesota Department of Transportation
                                                                 Continuous Count Station Edited Data for 2010


---------------------------------------------------------------------Station 227, Direction East, November --------------------------------------------------------------------
                        Hour Ending At:
    DATE         DAY       1 am  2 am  3 am  4 am 5 am  6 am  7 am  8 am  9 am 10 am 11 am  Noon  1 pm  2 pm  3 pm  4 pm  5 pm  6 pm  7 pm  8 pm  9 pm 10 pm 11 pm 12 mid TOTAL

  Nov 1, 2010  Monday        28    29    31    36   49   100   157   268   231   286   292   326   311   307   269   287   298   284   244   167   144   112    86    60   4402
  Nov 2, 2010  Tuesday       45    24    22    21   49    83   157   231   237   263   288   288   290   255   308   303   315   273   233   169   155    96    74    54   4233
  Nov 3, 2010  Wednesday     38    31    26    27   46    80   148   251   232   241   276   311   264   298   291   298   319   312   263   211   134   128    91    66   4382
  Nov 4, 2010  Thursday      45    31    28    33   43    91   177   265   248   276   300   313   295   296   348   338   330   385   255   211   173   132   106    62   4781
  Nov 5, 2010  Friday        38    42    31    42   38   102   148   228   272   285   347   364   386   396   408   473   431   430   381   281   237   154   124    60   5698

  Nov 6, 2010  Saturday      46    35    22    34   33    55    72   152   222   269   351   349   307   299   291   258   312   301   264   229   150   104    90    62   4307
  Nov 7, 2010  Sunday        30    53    24    20   19    25    63   103   233   241   299   311   372   367   388   429   457   400   344   262   196   129    75    46   4886

  Nov 8, 2010  Monday        23    32    15    29   42   116   176   257   241   274   256   280   249   278   287   301   286   278   258   149   111   105    72    54   4169
  Nov 9, 2010  Tuesday       25    26    26    23   35   112   164   272   217   261   228   254   269   271   274   327   298   282   245   161   126   109    71    48   4124
  Nov 10, 2010 Wednesday     38    27    22    25   46    85   166   276   247   243   267   266   241   331   313   372   314   336   273   173   130   123    75    43   4432
  Nov 11, 2010 Thursday      34    24    20    32   41   100   156   231   265   318   297   315   260   356   289   349   360   366   280   190   139   127    88    49   4686
  Nov 12, 2010 Friday        35    32    24    28   39    83   144   250   271   301   352   338   379   396   438   452   496   449   372   269   168   122    85    70   5593

  Nov 13, 2010 Saturday      35    29    20    20   10    29    36    49    66   124   165   312   229   248   225   207   171   146   161    93    95    81    52    34   2637
  Nov 14, 2010 Sunday        27    28    15    14   25    32    33    61   127   206   314   378   376   346   376   395   450   368   260   232   147   119    69    49   4447

  Nov 15, 2010 Monday        25    21    19    24   48    80   150   271   251   267   311   310   305   296   302   321   342   288   246   167   109   113    64    45   4375
  Nov 16, 2010 Tuesday       35    29    23    20   34    78   155   235   219   228   263   292   261   290   335   277   319   291   212   138   114    98    60    53   4059
  Nov 17, 2010 Wednesday     37    29    18    24   33    86   166   280   253   219   275   269   244   297   274   331   335   320   265   155   133   109    89    34   4275
  Nov 18, 2010 Thursday      40    33    24    27   46    68   172   266   253   271   288   300   312   315   316   355   352   305   266   194   167   117    89    60   4636
  Nov 19, 2010 Friday        41    33    37    25   38    87   145   245   255   288   341   372   335   409   410   452   449   423   405   313   197   160    97    67   5624

  Nov 20, 2010 Saturday      48    32    19    33   24    42    96   128   211   301   323   323   314   339   323   300   301   272   240   175   124   118    80    40   4206
  Nov 21, 2010 Sunday        33    23    13    12   13    21    35    64   132   218   211   237   286   314   378   382   365   278   220   155   107    74    64    37   3672

  Nov 22, 2010 Monday        33    21    13    24   34    82   119   166   165   166   194   235   236   261   276   261   278   223   180   148   130    94    78    39   3456
  Nov 23, 2010 Tuesday       30    21    22    28   32    75   121   252   269   281   317   336   338   378   397   448   416   455   400   328   230   205   151   117   5647
  Nov 24, 2010 Wednesday     75    51    38    29   46    91   133   211   235   285   341   311   318   429   396   352   282   252   191   173   140    83    82    53   4597
  Nov 25, 2010 Thursday      37    26    23    16   14    27    38    56   144   344   525   547   310   192   204   243   280   311   270   230   183   137    75    70   4302
  Nov 26, 2010 Friday        34    13    21    42   71    80   101   157   182   265   345   411   405   404   407   432   347   279   240   170   155   105    71    45   4782

  Nov 27, 2010 Saturday      33    25    21    21   25    42    65    92   200   342   430   527   460   428   434   461   447   362   284   253   211   125    96    59   5443
  Nov 28, 2010 Sunday        32    39    27    23   23    32    43    86   177   274   459   510   580   561   680   733   706   605   413   281   208   138    80    39   6749

  Nov 29, 2010 Monday        33    23    21    20   45    74   141   272   216   255   296   299   265   283   279   300   266   237   191   122   104    77    51    41   3911
  Nov 30, 2010 Tuesday       29    31    14    24   23    65   113   195   174   183   217   197   245   247   250   266   254   235   146   124    92   106    53    43   3326

AVERAGES FOR DAY GROUPINGS 1 am  2 am  3 am  4 am 5 am  6 am  7 am  8 am  9 am 10 am 11 am  Noon  1 pm  2 pm  3 pm  4 pm  5 pm  6 pm  7 pm  8 pm  9 pm 10 pm 11 pm 12 mid TOTAL

               Mondays       28    25    20    27   44    90   149   247   221   250   270   290   273   285   283   294   294   262   224   151   120   100    70    48   4063
               Tuesdays      33    26    21    23   35    83   142   237   223   243   263   273   281   288   313   324   320   307   247   184   143   123    82    63   4278
               Wednesdays    47    35    26    26   43    86   153   255   242   247   290   289   267   339   319   338   313   305   248   178   134   111    84    49   4422
               Thursdays     39    29    24    27   36    72   136   205   228   302   353   369   294   290   289   321   331   342   268   206   166   128    90    60   4601
               Fridays       37    30    28    34   47    88   135   220   245   285   346   371   376   401   416   452   431   395   350   258   189   135    94    61   5424

               Saturdays     41    30    21    27   23    42    67   105   175   259   317   378   328   329   318   307   308   270   237   188   145   107    80    49   4148
               Sundays       31    36    20    17   20    28    44    79   167   235   321   359   404   397   456   485   495   413   309   233   165   115    72    43   4939

  East         WEEKDAY: (Mon-Fri)   4558  or (Mon-Thur)   4341    WEEKEND: (Sat-Sun)   4544  or (Fri-Sun)   4837    TOTAL Month (MADT):   4528

* - Day Contains Some or All Estimated Data Due to Missing Data or Malfunctions at the ATR.
                                                                                                                                           11:44 Wednesday, April 13, 2011 1183

                                                                    Minnesota Department of Transportation
                                                                 Continuous Count Station Edited Data for 2010


---------------------------------------------------------------------Station 227, Direction West, November --------------------------------------------------------------------
                        Hour Ending At:
    DATE         DAY       1 am  2 am  3 am  4 am 5 am  6 am  7 am  8 am  9 am 10 am 11 am  Noon  1 pm  2 pm  3 pm  4 pm  5 pm  6 pm  7 pm  8 pm  9 pm 10 pm 11 pm 12 mid TOTAL

  Nov 1, 2010  Monday        34    36    33    31   66   114   193   207   241   275   283   308   304   299   319   344   330   307   221   169   147   127    77    57   4522
  Nov 2, 2010  Tuesday       44    33    30    29   44    87   150   214   226   278   280   255   294   296   314   319   322   253   225   196   150    99    84    72   4294
  Nov 3, 2010  Wednesday     30    32    28    30   54    91   146   220   256   233   278   236   289   305   304   338   307   326   237   205   154   110    88    54   4351
  Nov 4, 2010  Thursday      49    36    29    34   44    98   135   227   222   252   270   271   277   325   314   339   397   323   287   215   171   129    88    87   4619
  Nov 5, 2010  Friday        60    47    48    33   38    85   121   200   226   282   312   319   346   371   435   415   458   439   351   335   232   177   112   100   5542

  Nov 6, 2010  Saturday      51    39    37    41   39    50    82   112   206   242   290   258   276   285   302   252   251   215   196   191   177   165    94    80   3931
  Nov 7, 2010  Sunday        42    62    12    17   26    31    52    79   137   184   227   234   262   337   363   370   396   473   478   337   186   109    79    43   4536

  Nov 8, 2010  Monday        27    21    23    34   61   137   170   240   214   252   275   312   294   300   295   307   296   280   238   181   120   111    64    49   4301
  Nov 9, 2010  Tuesday       39    38    29    34   44    81   177   255   258   228   261   242   260   277   308   315   353   282   225   155   127   117    76    58   4239
  Nov 10, 2010 Wednesday     31    41    28    33   48    88   141   237   237   233   282   286   294   314   312   329   345   313   225   186   160   125    82    49   4419
  Nov 11, 2010 Thursday      50    42    29    34   50   101   153   239   249   289   300   328   308   307   350   338   341   352   257   187   182   124    89    76   4775
  Nov 12, 2010 Friday        36    38    34    51   55   116   161   211   255   281   303   297   341   378   392   440   437   399   313   263   216   134   145   105   5401

  Nov 13, 2010 Saturday      46    32    41    22   31    39    52    90   127   183   184   216   188   170   188   203   179   164   149    90    81    65    42    44   2626
  Nov 14, 2010 Sunday        36    28    19    12   17    32    43    67   106   149   227   300   316   360   381   386   375   320   261   207   149    97    62    45   3995

  Nov 15, 2010 Monday        32    33    26    42   59   100   163   237   232   251   294   273   279   278   328   325   300   285   217   156   126   102    82    66   4286
  Nov 16, 2010 Tuesday       25    32    23    31   38    92   139   230   208   282   241   236   246   263   283   306   308   261   203   159   126    87    67    56   3942
  Nov 17, 2010 Wednesday     48    28    23    27   34    68   142   229   234   223   249   245   258   236   288   289   321   326   213   151   118    98    87    50   3985
  Nov 18, 2010 Thursday      39    36    34    34   43    87   155   201   206   259   241   249   239   301   343   381   380   307   244   186   174   116    93    60   4408
  Nov 19, 2010 Friday        37    42    35    29   57    81   167   205   219   264   265   259   332   366   393   400   462   406   314   226   208   160   138    85   5150

  Nov 20, 2010 Saturday      44    54    41    35   37    49   106   132   177   254   277   266   255   250   336   371   315   269   223   154   126   106    97    62   4036
  Nov 21, 2010 Sunday        30    31    18    15   14    14    29    55    88   119   164   227   256   346   356   376   429   402   294   201   127   104    69    43   3807

  Nov 22, 2010 Monday        27    28    27    32   42   104   145   172   174   202   217   264   268   235   246   296   250   227   180   136   108    98    78    49   3605
  Nov 23, 2010 Tuesday       33    22    29    32   39    94   136   213   236   238   292   300   323   360   400   433   465   439   358   322   288   197   159   118   5526
  Nov 24, 2010 Wednesday     86    47    50    46   50    81   128   192   227   306   361   384   395   386   373   454   383   317   251   203   162   143    73    59   5157
  Nov 25, 2010 Thursday      44    36    22    34   18    32    37    97   286   542   717   620   364   202   204   247   266   260   266   188   150   107    79    41   4859
  Nov 26, 2010 Friday        37    26    22    22   36    70   122   153   182   236   334   388   426   390   370   396   368   291   237   179   165   114    87    58   4709

  Nov 27, 2010 Saturday      40    26    30    15   24    23    60    97   182   230   349   374   372   406   419   382   354   298   274   215   209   175   112    73   4739
  Nov 28, 2010 Sunday        43    42    27    16   20    25    34    66   138   220   332   474   510   574   655   607   598   470   403   287   213   123    86    65   6028

  Nov 29, 2010 Monday        43    31    27    28   49   116   139   207   221   254   299   235   302   284   315   322   283   263   164   131    99   113    80    44   4049
  Nov 30, 2010 Tuesday       36    28    27    32   42    77   109   156   166   208   208   201   204   243   245   275   261   228   137   124   106    82    64    44   3303

AVERAGES FOR DAY GROUPINGS 1 am  2 am  3 am  4 am 5 am  6 am  7 am  8 am  9 am 10 am 11 am  Noon  1 pm  2 pm  3 pm  4 pm  5 pm  6 pm  7 pm  8 pm  9 pm 10 pm 11 pm 12 mid TOTAL

               Mondays       33    30    27    33   55   114   162   213   216   247   274   278   289   279   301   319   292   272   204   155   120   110    76    53   4153
               Tuesdays      35    31    28    32   41    86   142   214   219   247   256   247   265   288   310   330   342   293   230   191   159   116    90    70   4261
               Wednesdays    49    37    32    34   47    82   139   220   239   249   293   288   309   310   319   353   339   321   232   186   149   119    83    53   4478
               Thursdays     46    38    29    34   39    80   120   191   241   336   382   367   297   284   303   326   346   311   264   194   169   119    87    66   4665
               Fridays       43    38    35    34   47    88   143   192   221   266   304   316   361   376   398   413   431   384   304   251   205   146   121    87   5201

               Saturdays     45    38    37    28   33    40    75   108   173   227   275   279   273   278   311   302   275   237   211   163   148   128    86    65   3833
               Sundays       38    41    19    15   19    26    40    67   117   168   238   309   336   404   439   435   450   416   359   258   169   108    74    49   4592

  West         WEEKDAY: (Mon-Fri)   4552  or (Mon-Thur)   4389    WEEKEND: (Sat-Sun)   4213  or (Fri-Sun)   4542    TOTAL Month (MADT):   4438

* - Day Contains Some or All Estimated Data Due to Missing Data or Malfunctions at the ATR.
                                                                                                                                           11:44 Wednesday, April 13, 2011 1184

                                                                    Minnesota Department of Transportation
                                                                 Continuous Count Station Edited Data for 2010


---------------------------------------------------------------------Station 227, Direction East, December --------------------------------------------------------------------
                        Hour Ending At:
    DATE         DAY       1 am  2 am  3 am  4 am 5 am  6 am  7 am  8 am  9 am 10 am 11 am  Noon  1 pm  2 pm  3 pm  4 pm  5 pm  6 pm  7 pm  8 pm  9 pm 10 pm 11 pm 12 mid TOTAL

  Dec 1, 2010  Wednesday     36    30    25    27   39    74   128   237   249   241   238   293   253   245   285   298   323   278   224   131   125   104    60    37   3980
  Dec 2, 2010  Thursday      44    33    22    22   37    83   145   247   256   240   289   251   286   320   284   320   333   324   258   175   136   147    95    57   4404
  Dec 3, 2010  Friday        40    41    24    34   45    71   117   235   223   255   245   327   314   325   287   307   263   268   180   118   102    81    58    49   4009

  Dec 4, 2010  Saturday      21    14    16    10   17    31    44    65   114   207   276   268   269   293   250   246   207   213   175   120   100    51    76    36   3119
  Dec 5, 2010  Sunday        31    19    18    17   20    21    30    74   170   222   244   259   260   284   285   317   303   234   213   185   121    92    67    27   3513

  Dec 6, 2010  Monday        23    15    10    24   28    79   137   204   243   260   266   272   249   256   271   292   276   241   188   187   105    85    63    49   3823
  Dec 7, 2010  Tuesday       33    22    18    21   34    76   143   245   222   241   276   234   259   268   256   284   307   263   226   148   115   105    63    41   3900
  Dec 8, 2010  Wednesday     39    29    18    27   36    89   160   232   232   243   247   264   249   230   266   307   306   285   233   140   103    81    88    60   3964
  Dec 9, 2010  Thursday      33    21    28    28   34    80   136   238   188   181   270   236   252   237   247   255   288   288   231   147   126    90    81    43   3758
  Dec 10, 2010 Friday        31    34    13    29   44    70   131   224   241   263   295   299   336   327   378   470   401   397   317   209   185   151   104    54   5003

  Dec 11, 2010 Saturday      35    24    10    20   12    20    20    29    24    32    41    23     8     2     5     3     0     1     0     0     0     1     2     0    312
  Dec 12, 2010 Sunday         0     1     2     0    2     0     0     3     0     8    11    33    29    70   103   118   448   270   183   127   100    68    53    26   1655

  Dec 13, 2010 Monday        24    18    24    21   45    66   129   185   233   278   288   306   251   270   250   273   267   216   199   140   134   107    61    42   3827
  Dec 14, 2010 Tuesday       21    30    18    31   51    72   160   242   201   238   257   255   277   271   273   282   292   292   185   147   130   102    71    58   3956
  Dec 15, 2010 Wednesday     33    26    21    32   47    64   123   251   225   206   228   226   246   240   307   248   303   255   238   131   104    54    64    31   3703
  Dec 16, 2010 Thursday      25    29    17    21   32    61   127   203   197   198   157   213   221   312   279   304   257   269   214   162   119   120    71    44   3652
  Dec 17, 2010 Friday        37    30    30    24   49    73   122   216   228   293   319   338   306   369   394   413   388   398   336   211   160   148    91    56   5029

  Dec 18, 2010 Saturday      42    26    20    25   19    37    71    99   195   318   331   354   322   336   294   327   269   262   220   179   125   119    90    57   4137
  Dec 19, 2010 Sunday        42    30    17    15   21    35    33    68   133   214   299   305   388   396   379   454   349   384   289   221   169   125    71    49   4486

* Dec 20, 2010 Monday        30    25    22    25   39    84   148   219   229   252   313   304   321   323   305   304   292   257   204   154   114   102    84    52   4202
  Dec 21, 2010 Tuesday       36    23    22    27   30    60    92   174   197   239   296   295   281   288   304   280   311   257   217   169   112   111    96    68   3985
  Dec 22, 2010 Wednesday     45    37    27    23   52    81   138   214   259   279   345   356   360   348   389   398   419   388   314   250   209   153   110    77   5271
  Dec 23, 2010 Thursday      49    43    29    38   40    77   100   168   214   246   313   339   312   328   331   368   326   280   237   191   163    63    36    17   4308
  Dec 24, 2010 Friday        40    34    24    14   25    18    37    47    82   122   167   249   273   274   307   250   187   163   149   124    94    89    84    66   2919

  Dec 25, 2010 Saturday      31    18    19     7   10    15    34    47   107   175   280   390   295   287   246   247   323   288   201   184   162   123    73    36   3598
  Dec 26, 2010 Sunday        31    15    12    10   15    17    45    72   149   275   430   513   529   594   630   653   613   529   382   286   233   164    61    44   6302

  Dec 27, 2010 Monday        33    17    18    21   33    68   130   169   221   271   388   467   459   486   497   478   422   349   251   199   133   106    71    59   5346
  Dec 28, 2010 Tuesday       27    25    21    20   23    65   118   180   224   291   386   402   375   364   367   396   362   316   244   170   135   111    68    44   4734
  Dec 29, 2010 Wednesday     39    30     5    18   37    61   127   168   230   271   375   377   324   407   431   425   395   353   281   190   154   127    86    52   4963
  Dec 30, 2010 Thursday      29    25    24    31   35    60   101   147   153   216   247   325   329   351   345   327   278   248   154   157   144    71    51    37   3885
  Dec 31, 2010 Friday        28    18    13    18   24    31    47    63    89   139   212   180   203   195   162   122   112   121    90    58    25    33    25    12   2020


AVERAGES FOR DAY GROUPINGS 1 am  2 am  3 am  4 am 5 am  6 am  7 am  8 am  9 am 10 am 11 am  Noon  1 pm  2 pm  3 pm  4 pm  5 pm  6 pm  7 pm  8 pm  9 pm 10 pm 11 pm 12 mid TOTAL

               Mondays       28    19    19    23   36    74   136   194   232   265   314   337   320   334   331   337   314   266   211   170   122   100    70    51   4300
               Tuesdays      29    25    20    25   35    68   128   210   211   252   304   297   298   298   300   311   318   282   218   159   123   107    75    53   4144
               Wednesdays    38    30    19    25   42    74   135   220   239   248   287   303   286   294   336   335   349   312   258   168   139   104    82    51   4376
               Thursdays     45    30    24    35   36    72   152   201   202   270   255   273   350   310   297   394   296   282   274   166   138   123    67    40   4001
               Fridays       35    31    21    24   37    53    91   157   173   214   248   279   286   298   306   312   270   269   214   144   113   100    72    47   3796

               Saturdays     32    21    16    16   15    26    42    60   110   183   232   259   224   230   199   206   200   191   149   121    97    74    60    32   2792
               Sundays       26    16    12    11   15    18    27    54   113   180   246   278   302   336   349   386   428   354   267   205   156   112    63    37   3989

  East         WEEKDAY: (Mon-Fri)   4123  or (Mon-Thur)   4205    WEEKEND: (Sat-Sun)   3391  or (Fri-Sun)   3526    TOTAL Month (MADT):   3928

* - Day Contains Some or All Estimated Data Due to Missing Data or Malfunctions at the ATR.
                                                                                                                                           11:44 Wednesday, April 13, 2011 1185

                                                                    Minnesota Department of Transportation
                                                                 Continuous Count Station Edited Data for 2010


---------------------------------------------------------------------Station 227, Direction West, December --------------------------------------------------------------------
                        Hour Ending At:
    DATE         DAY       1 am  2 am  3 am  4 am 5 am  6 am  7 am  8 am  9 am 10 am 11 am  Noon  1 pm  2 pm  3 pm  4 pm  5 pm  6 pm  7 pm  8 pm  9 pm 10 pm 11 pm 12 mid TOTAL

  Dec 1, 2010  Wednesday     49    32    16    33   45    87   127   190   206   226   240   244   274   261   249   312   314   271   190   171   125    96    54    55   3867
  Dec 2, 2010  Thursday      36    33    25    29   45    96   140   198   200   208   245   251   270   269   301   329   361   327   258   176   141   141    93    75   4247
  Dec 3, 2010  Friday        36    31    36    35   56    80   121   191   212   187   243   278   294   282   291   257   237   188   128   104    87    78    69    46   3567

  Dec 4, 2010  Saturday      35    35    15    12   23    23    46    82   105   136   158   204   185   203   191   217   209   214   175   150   115    96    79    56   2764
  Dec 5, 2010  Sunday        26    25    23    15   12    14    39    46   104   111   159   228   257   255   281   283   375   418   318   232   179   115    56    37   3608

  Dec 6, 2010  Monday        25    28    22    25   37    95   141   191   204   220   278   282   262   273   293   314   309   238   211   155   117   108    79    45   3952
  Dec 7, 2010  Tuesday       28    29    28    32   39    88   117   196   197   220   255   244   283   232   277   306   337   294   205   161   154   109    76    57   3964
  Dec 8, 2010  Wednesday     38    25    24    27   48    80   116   191   165   229   227   266   239   283   327   271   317   309   212   178   127   101    54    54   3908
  Dec 9, 2010  Thursday      42    24    25    33   54    79   126   211   185   187   192   208   250   270   276   323   331   298   207   150   129   110    84    63   3857
  Dec 10, 2010 Friday        40    36    33    37   39    65   146   191   198   211   274   270   331   311   357   379   399   386   274   203   180   115    88    62   4625

  Dec 11, 2010 Saturday      53    32    26    15   17    21    27    35    51    54    33     0     1     1     0     0     2     0     0     0     0     3     0     0    371
  Dec 12, 2010 Sunday         0     2     0     0    2     0     0     0     1     2     1     0     0     3    88   223   188   150   112    92    67    69    45    20   1065

  Dec 13, 2010 Monday        18    24    23    25   22    46   101   156   198   250   311   326   265   299   265   310   307   255   234   157   104    85    69    48   3898
  Dec 14, 2010 Tuesday       39    31    21    28   44    57   115   191   207   204   230   209   221   252   299   316   374   278   198   154   134   112    72    48   3834
  Dec 15, 2010 Wednesday     34    39    25    22   43    72   117   177   195   227   226   238   197   233   261   227   310   258   171   126   126    69    59    38   3490
  Dec 16, 2010 Thursday      33    28    26    25   31    62   123   170   151   169   176   210   203   243   293   277   321   288   177   146   142   110    78    49   3531
  Dec 17, 2010 Friday        43    40    31    28   48    76   106   181   186   229   255   350   298   369   428   446   481   375   334   271   248   196   140    72   5231

  Dec 18, 2010 Saturday      51    42    33    22   23    32    71   128   224   316   330   311   283   261   309   358   291   208   215   196   150   131   112    67   4164
  Dec 19, 2010 Sunday        43    36    22    13   13    20    29    52    95   143   226   282   290   312   325   354   351   347   289   216   192    97    77    59   3883

* Dec 20, 2010 Monday        45    32    21    24   38    74   119   165   202   252   284   313   320   322   346   367   344   282   214   162   146   114    75    56   4317
  Dec 21, 2010 Tuesday       33    35    27    15   31    49    98   142   172   237   294   285   278   307   357   367   343   305   248   184   155   108    75    55   4200
  Dec 22, 2010 Wednesday     37    32    21    38   40    66   112   215   251   238   316   332   336   400   397   410   467   406   401   294   262   206   125    85   5487
  Dec 23, 2010 Thursday      57    47    32    41   44    70   110   163   197   264   346   391   396   453   452   457   436   441   330   258   201   150    92    76   5504
  Dec 24, 2010 Friday       102    62    52    20   20    17    34    44    97   157   265   328   428   479   429   391   299   205   161   129    96    94    70    79   4058

  Dec 25, 2010 Saturday      33    27     8    13   10    15    28    64   126   278   467   495   315   289   258   242   254   210   177   148   135    92    63    51   3798
  Dec 26, 2010 Sunday        34    19    12    16   13    17    37    93   116   255   407   494   448   426   472   398   417   356   314   217   161   122    78    63   4985

  Dec 27, 2010 Monday        30    20    16    26   34    64   114   146   196   263   333   348   362   396   412   407   362   350   206   199   151   122    73    67   4697
  Dec 28, 2010 Tuesday       33    29    29    26   43    72   111   154   213   273   296   284   301   359   372   364   347   303   270   172   157   115    88    53   4464
  Dec 29, 2010 Wednesday     37    31    36    32   45    60   125   163   200   243   282   315   329   361   338   390   356   276   255   202   140   107    82    56   4461
  Dec 30, 2010 Thursday      49    40    32    25   24    65    72    94   159   178   227   254   271   266   301   321   301   266   189   163   126   105    81    48   3657
  Dec 31, 2010 Friday        29    35    22    20   13    28    38    52    79   152   156   168   163   172   169   152   151   117   104    64    52    53    45    31   2065


AVERAGES FOR DAY GROUPINGS 1 am  2 am  3 am  4 am 5 am  6 am  7 am  8 am  9 am 10 am 11 am  Noon  1 pm  2 pm  3 pm  4 pm  5 pm  6 pm  7 pm  8 pm  9 pm 10 pm 11 pm 12 mid TOTAL

               Mondays       30    26    21    25   33    70   119   165   200   246   302   317   302   323   329   350   331   281   216   168   130   107    74    54   4216
               Tuesdays      33    31    26    25   39    67   110   171   197   234   269   256   271   288   326   338   350   295   230   168   150   111    78    53   4116
               Wednesdays    39    32    24    30   44    73   119   187   203   233   258   279   275   308   314   322   353   304   246   194   156   116    75    58   4243
               Thursdays     54    34    28    38   40    74   143   167   178   252   237   263   348   300   325   427   350   324   290   179   148   154    86    62   4159
               Fridays       50    41    35    28   35    53    89   132   154   187   239   279   303   323   335   325   313   254   200   154   133   107    82    58   3909

               Saturdays     43    34    21    16   18    23    43    77   127   196   247   253   196   189   190   204   189   158   142   124   100    81    64    44   2774
               Sundays       26    21    14    11   10    13    26    48    79   128   198   251   249   249   292   315   333   318   258   189   150   101    64    45   3385

  West         WEEKDAY: (Mon-Fri)   4129  or (Mon-Thur)   4184    WEEKEND: (Sat-Sun)   3080  or (Fri-Sun)   3356    TOTAL Month (MADT):   3855

* - Day Contains Some or All Estimated Data Due to Missing Data or Malfunctions at the ATR.
