      Minnesota Department of Transportation
      Continuous Count Station Edited Data for 2012
       


                                                                                                                                                                               
---------------------------------------------------------------------Station 232, Direction North, September ------------------------------------------------------------------
                        Hour Ending At:                                                                                                                                        
    DATE         DAY       1 am  2 am  3 am  4 am 5 am  6 am  7 am  8 am  9 am 10 am 11 am  Noon  1 pm  2 pm  3 pm  4 pm  5 pm  6 pm  7 pm  8 pm  9 pm 10 pm 11 pm 12 mid TOTAL
                                                                                                                                                                               
  Sep 20, 2012 Thursday       0     0     0     0    0     0     0     0     0     0     0     0     0     0     0     0    17    22    23    23    10     7    17     6    125
  Sep 21, 2012 Friday         3     2     0     1    1     3     7    17    15     9    23    10    17    19    22    20    25    34    21    18    17     7     9     6    306
                                                                                                                                                                               
  Sep 22, 2012 Saturday       3     0     1     0    0     2     3    14    22    20    27    33    25    21    15    15    13     9    15    11    14     9     5     4    281
  Sep 23, 2012 Sunday         3     0     0     1    0     0     3     3    11    11    21    25    23    20    10    20     8    14     5     5     3     6     0     1    193
                                                                                                                                                                               
  Sep 24, 2012 Monday         0     0     0     1    1     3    10    20    26    20    30    18    26    21    19    41    16    31    15    25    16    11     7     2    359
  Sep 25, 2012 Tuesday        0     2     1     0    0     2    11    14    27    24    18    16    14    32    13    22    20    13    15    13     9     5     1     1    273
  Sep 26, 2012 Wednesday      0     0     0     0    1     5     8    37    30    27    16    19    17    22    27    21    26    36    22    28     9    13     0     3    367
  Sep 27, 2012 Thursday       0     0     0     0    0     3    11    27    27    24    33    18    22    27    27    34    20    31    22    22    14     6     8     2    378
  Sep 28, 2012 Friday         0     1     0     1    0     5     9    25    14    15    23    25    26    33    18    23    24    25    30    24    18    13     6     5    363
                                                                                                                                                                               
  Sep 29, 2012 Saturday       3     2     0     0    0     2     2    45    35    31    31    42    37    25    23    18    25    20    21    16    14    12     4     6    414
  Sep 30, 2012 Sunday         2     0     1     0    0     2     1    11    15    20    27    14    31    19    12    16    12    26    23     7     8     5     3     0    255
                                                                                                                                                                               
                                                                                                                                                                               
AVERAGES FOR DAY GROUPINGS 1 am  2 am  3 am  4 am 5 am  6 am  7 am  8 am  9 am 10 am 11 am  Noon  1 pm  2 pm  3 pm  4 pm  5 pm  6 pm  7 pm  8 pm  9 pm 10 pm 11 pm 12 mid TOTAL
                                                                                                                                                                               
               Mondays        0     0     0     1    1     3    10    20    26    20    30    18    26    21    19    41    16    31    15    25    16    11     7     2    359
               Tuesdays       0     2     1     0    0     2    11    14    27    24    18    16    14    32    13    22    20    13    15    13     9     5     1     1    273
               Wednesdays     0     0     0     0    1     5     8    37    30    27    16    19    17    22    27    21    26    36    22    28     9    13     0     3    367
               Thursdays      0     0     0     0    0     2     6    14    14    12    17     9    11    14    14    17    19    27    23    23    12     7    13     4    252
               Fridays        2     2     0     1    1     4     8    21    15    12    23    18    22    26    20    22    25    30    26    21    18    10     8     6    335
                                                                                                                                                                               
               Saturdays      3     1     1     0    0     2     3    30    29    26    29    38    31    23    19    17    19    15    18    14    14    11     5     5    348
               Sundays        3     0     1     1    0     1     2     7    13    16    24    20    27    20    11    18    10    20    14     6     6     6     2     1    224
                                                                                                                                                                               
  North        WEEKDAY: (Mon-Fri)    317  or (Mon-Thur)    313    WEEKEND: (Sat-Sun)    286  or (Fri-Sun)    302    TOTAL Month (MADT):    301                                 
                                                                                                                                                                               
* - Day Contains Some or All Estimated Data Due to Missing Data or Malfunctions at the ATR.                                                                                    






       
       
      Minnesota Department of Transportation
      Continuous Count Station Edited Data for 2012
       


                                                                                                                                                                               
---------------------------------------------------------------------Station 232, Direction South, September ------------------------------------------------------------------
                        Hour Ending At:                                                                                                                                        
    DATE         DAY       1 am  2 am  3 am  4 am 5 am  6 am  7 am  8 am  9 am 10 am 11 am  Noon  1 pm  2 pm  3 pm  4 pm  5 pm  6 pm  7 pm  8 pm  9 pm 10 pm 11 pm 12 mid TOTAL
                                                                                                                                                                               
  Sep 20, 2012 Thursday       0     0     0     0    0     0     0     0     0     0     0     0     0     0     0     0    32    25    19    12    13    11    22     4    138
  Sep 21, 2012 Friday         0     0     0     0    0     3     7    20    16     1    12     9    12    18    20    26    27    33    18    19    12     7    10     8    278
                                                                                                                                                                               
  Sep 22, 2012 Saturday       0     0     0     2    2     2     7    17     7    19    29    24    18    16    19    14    20    11    10     6    17     9     6     4    259
  Sep 23, 2012 Sunday         2     0     0     0    2     3     1     3     5    16    15    18    13    16    16    19    11     6    17     6     9     4     0     2    184
                                                                                                                                                                               
  Sep 24, 2012 Monday         0     1     0     0    2     4    14    24    23    15    14    14    19    19    27    14    22    17    21    16    26     5     3     1    301
  Sep 25, 2012 Tuesday        0     2     1     0    0     2    17    19    19    21    10     9    14    16    16    23    19    13     8    11     6     2     2     1    231
  Sep 26, 2012 Wednesday      1     0     1     0    1     1    15    34    23    22    18    12     9    16    19    21    27    19    21    25    20     4     1     1    311
  Sep 27, 2012 Thursday       1     0     0     1    0     1    16    24    22    18    20    18    13    19    22    33    27    21    26    18    13     9     7     1    330
  Sep 28, 2012 Friday         0     0     0     0    0     2    16    15    12    10    17    16    19    24    17    23    17    23    26    30    29    16     5     2    319
                                                                                                                                                                               
  Sep 29, 2012 Saturday       0     3     1     0    0     2    11    21    23    27    21    26    24    20    29    18    31    29    15    13    12    22     3     3    354
  Sep 30, 2012 Sunday         2     2     1     0    1     2     4     4    12    17    18    16    21    12     8    18    20    39    18    14    11     5     4     0    249
                                                                                                                                                                               
                                                                                                                                                                               
AVERAGES FOR DAY GROUPINGS 1 am  2 am  3 am  4 am 5 am  6 am  7 am  8 am  9 am 10 am 11 am  Noon  1 pm  2 pm  3 pm  4 pm  5 pm  6 pm  7 pm  8 pm  9 pm 10 pm 11 pm 12 mid TOTAL
                                                                                                                                                                               
               Mondays        0     1     0     0    2     4    14    24    23    15    14    14    19    19    27    14    22    17    21    16    26     5     3     1    301
               Tuesdays       0     2     1     0    0     2    17    19    19    21    10     9    14    16    16    23    19    13     8    11     6     2     2     1    231
               Wednesdays     1     0     1     0    1     1    15    34    23    22    18    12     9    16    19    21    27    19    21    25    20     4     1     1    311
               Thursdays      1     0     0     1    0     1     8    12    11     9    10     9     7    10    11    17    30    23    23    15    13    10    15     3    234
               Fridays        0     0     0     0    0     3    12    18    14     6    15    13    16    21    19    25    22    28    22    25    21    12     8     5    299
                                                                                                                                                                               
               Saturdays      0     2     1     1    1     2     9    19    15    23    25    25    21    18    24    16    26    20    13    10    15    16     5     4    307
               Sundays        2     1     1     0    2     3     3     4     9    17    17    17    17    14    12    19    16    23    18    10    10     5     2     1    217
                                                                                                                                                                               
  South        WEEKDAY: (Mon-Fri)    275  or (Mon-Thur)    269    WEEKEND: (Sat-Sun)    262  or (Fri-Sun)    274    TOTAL Month (MADT):    269                                 
                                                                                                                                                                               
* - Day Contains Some or All Estimated Data Due to Missing Data or Malfunctions at the ATR.                                                                                    






       
       
      Minnesota Department of Transportation
      Continuous Count Station Edited Data for 2012
       


                                                                                                                                                                               
---------------------------------------------------------------------Station 232, Direction North, October --------------------------------------------------------------------
                        Hour Ending At:                                                                                                                                        
    DATE         DAY       1 am  2 am  3 am  4 am 5 am  6 am  7 am  8 am  9 am 10 am 11 am  Noon  1 pm  2 pm  3 pm  4 pm  5 pm  6 pm  7 pm  8 pm  9 pm 10 pm 11 pm 12 mid TOTAL
                                                                                                                                                                               
  Oct 1, 2012  Monday         1     1     1     0    2     4    17    14    35    25    30    36    28    27    25    38    36    38    22    23    17     9     5     1    435
  Oct 2, 2012  Tuesday        0     0     0     0    0     3    17    30    35    30    29    14    17    12    29    32    28    34    22    11    14     5     5     5    372
  Oct 3, 2012  Wednesday      1     1     0     1    0     1    11    32    20    18    31    25    28    23    21    25    18    25    25    23     7    12    10     3    361
  Oct 4, 2012  Thursday       6     2     3     2    1     3    10    26    29    23    22    46    28    30    19    27    29    27    19    20     8     6     3     0    389
  Oct 5, 2012  Friday         2     0     4     1    0     3     9    19    35    26    19    26    23    31    34    32    32    25    26    14     6     4     4     1    376
                                                                                                                                                                               
  Oct 6, 2012  Saturday       4     3     4     1    0     0     3     5     7    18    23    12    14    18    11    21    18    19     7     6     1     3     1     5    204
  Oct 7, 2012  Sunday         2     6     1     0    0     0     4     2     2     5    14    23    15    24    15    19    14     8    19    20     7     8     5     6    219
                                                                                                                                                                               
  Oct 8, 2012  Monday         5     9    10     6    7    12    15    14    28    17    19    35    31    33    46    32    19    17    20     8    14    14     7     7    425
  Oct 9, 2012  Tuesday        6     3     7     6    6     7    14    21    19    14    14    15    19    15    21    24    32    15    26    24    10    12     6     2    338
  Oct 10, 2012 Wednesday      3     1     2     0    0     2     6    14    18    13    13    13    14     5    17    12    16    16    17     9     7     5     4     1    208
* Oct 11, 2012 Thursday       4     0     2     3    0     3    10     7    15    12     8    16    12    14    17    20    23    30    13    10     2     5     3     3    232
  Oct 12, 2012 Friday         0     3     1     0    0     2    11    23     9    12     8    21    19    14    15    19    18    21    33    18    12     8    13     2    282
                                                                                                                                                                               
  Oct 13, 2012 Saturday       0     1     1     1    1     0     5    13    21    13    12    18    26    22    25    20    27    22    24    22    17     7     4     4    306
  Oct 14, 2012 Sunday         3     2     0     0    0     1     2     3     7     8    10    18    12    14    19    25    15    14    12    11     3     5     2     2    188
                                                                                                                                                                               
  Oct 15, 2012 Monday         0     2     2     1    0     4    12    19     5    22    16    13    26    14    21    18    26    30    23    13    15    18    10     5    315
  Oct 16, 2012 Tuesday        7     6     6     5    3     2     9    21    18    34    12    22    11    13    16    25    28    18    19    15     5     0     0     0    295
  Oct 17, 2012 Wednesday      2     4     0     0    1     5    10    12    25    18     8     6    18    17    21    13    21    25    29     6     7     7     6     0    261
  Oct 18, 2012 Thursday       1     2     0     3    2     2     7    15    25    20    20    24    24    16    16    17    12     9    16     2     0     5     0     0    238
  Oct 19, 2012 Friday         1     0     1     0    0     1     6    11    18    15    21    12    15    12    17    17    12    20     5    10     7     4     2     1    208
                                                                                                                                                                               
  Oct 20, 2012 Saturday       1     0     0     0    0     0     1    10     9    21    12    19    19    14    13    13     9     7     7     5     6     4     2     0    172
  Oct 21, 2012 Sunday         1     0     1     0    0     0     0     1     3     7    10     9    14    19    11    17    19    12     9     3     7     5     0     1    149
                                                                                                                                                                               
  Oct 22, 2012 Monday         1     0     0     0    0     2    12    20    28    20    19    14    13    18     9    16    15    24    24     8     2     2     7    13    267
  Oct 23, 2012 Tuesday        1     2     0     0    0     1    10    30    14    15    19    20    11    11    17    20    12    16    13     9     3     4     2     1    231
  Oct 24, 2012 Wednesday      0     3     0     0    1     1     8    21    16    20    22    10    14    21    20    15    14    19     8    21     5     4     8     0    251
  Oct 25, 2012 Thursday       2     2     0     0    0     3    11    18    15    24    21    13    22    19    16    13    21    34    21    13     1     3     2     0    274
  Oct 26, 2012 Friday         0     1     0     1    1     1    14    12    12    17    14    20    22    23    16    24    23    25     9    11     7    12     7     3    275
                                                                                                                                                                               
  Oct 27, 2012 Saturday       2     1     1     1    0     0     5     5    10    11     7     8    11    22    18    16    15    15     9     7     3     2     3     3    175
  Oct 28, 2012 Sunday         1     3     0     0    0     1     3     4     5    13    14    16    13    13     7     7    17     9     6     3     0     3     0     3    141
                                                                                                                                                                               
  Oct 29, 2012 Monday         2     1     0     2    1     0    12    16    18    17    18     9    16    15    14    19    19    21    18     9     6     3     4     1    241
  Oct 30, 2012 Tuesday        0     0     1     0    0     3     8    22    17    22    29    16    21    25    10    12    21    21    18     9     2     6     3     1    267
  Oct 31, 2012 Wednesday      0     1     1     0    1     2     7    25    15    22    27    10    10    23    19    16    15    20    14     3    11     8     0     1    251
                                                                                                                                                                               
AVERAGES FOR DAY GROUPINGS 1 am  2 am  3 am  4 am 5 am  6 am  7 am  8 am  9 am 10 am 11 am  Noon  1 pm  2 pm  3 pm  4 pm  5 pm  6 pm  7 pm  8 pm  9 pm 10 pm 11 pm 12 mid TOTAL
                                                                                                                                                                               
               Mondays        2     3     3     2    2     4    14    17    23    20    20    21    23    21    23    25    23    26    21    12    11     9     7     5    337
               Tuesdays       3     2     3     2    2     3    12    25    21    23    21    17    16    15    19    23    24    21    20    14     7     5     3     2    301
               Wednesdays     1     2     1     0    1     2     8    21    19    18    20    13    17    18    20    16    17    21    19    12     7     7     6     1    266
               Thursdays      3     2     1     2    1     3    10    17    21    20    18    25    22    20    17    19    21    25    17    11     3     5     2     1    283
               Fridays        1     1     2     1    0     2    10    16    19    18    16    20    20    20    21    23    21    23    18    13     8     7     7     2    285
                                                                                                                                                                               
               Saturdays      2     1     2     1    0     0     4     8    12    16    14    14    18    19    17    18    17    16    12    10     7     4     3     3    214
               Sundays        2     3     1     0    0     1     2     3     4     8    12    17    14    18    13    17    16    11    12     9     4     5     2     3    174
                                                                                                                                                                               
  North        WEEKDAY: (Mon-Fri)    294  or (Mon-Thur)    297    WEEKEND: (Sat-Sun)    194  or (Fri-Sun)    224    TOTAL Month (MADT):    269                                 
                                                                                                                                                                               
* - Day Contains Some or All Estimated Data Due to Missing Data or Malfunctions at the ATR.                                                                                    






       
       
      Minnesota Department of Transportation
      Continuous Count Station Edited Data for 2012
       


                                                                                                                                                                               
---------------------------------------------------------------------Station 232, Direction South, October --------------------------------------------------------------------
                        Hour Ending At:                                                                                                                                        
    DATE         DAY       1 am  2 am  3 am  4 am 5 am  6 am  7 am  8 am  9 am 10 am 11 am  Noon  1 pm  2 pm  3 pm  4 pm  5 pm  6 pm  7 pm  8 pm  9 pm 10 pm 11 pm 12 mid TOTAL
                                                                                                                                                                               
  Oct 1, 2012  Monday         0     0     0     1    1     4    12    19    24    19    26    21    28    35    21    22    26    30    19    14    17     5     3     0    347
  Oct 2, 2012  Tuesday        1     0     0     0    0     2    14    21    25    36    17    20    10    14    25    25    26    19    14    12     8    12     7     4    312
  Oct 3, 2012  Wednesday      1     1     0     0    0     1    13    20    13    19    14    15    11    25    16    24    15    30    27    22     8    13    10    15    313
  Oct 4, 2012  Thursday       1     1     1     1    0     0     8    20    22    26    19    27    16    22    20    28    27    12    23    16    11     1     7     4    313
  Oct 5, 2012  Friday         2     1     0     0    0     0     9    22    23    14    15    22    18    29    23    31    21    27    28    19     6    11     5     3    329
                                                                                                                                                                               
  Oct 6, 2012  Saturday       2     2     3     0    0     1     4    12    10    18    10     8    12    10     9    10     9    10     5     9     6    12     0     3    165
  Oct 7, 2012  Sunday         2     1     0     0    0     0     1     2     7     5     8    23    18    19    12    10    12     9    11    18     9     6     3     5    181
                                                                                                                                                                               
  Oct 8, 2012  Monday         1     7     7     3    4    10    15    24    19    11    18    24    33    37    31    31    12    11    17     7    13    10     6     4    355
  Oct 9, 2012  Tuesday        3     7     2     3    5     5    17    20     6    18     6    20    17    21    27    23    19    13    20     8     6     9     8     1    284
  Oct 10, 2012 Wednesday      3     1     0     0    0     6     9    19     8     8     5    12    12     7    18    18    13    18    11     1     4     4     5     0    182
* Oct 11, 2012 Thursday       1     1     1     2    0     4    12    20    12     9     9    12    13    13    18    15    15    10    12    12    10     7     7     2    217
  Oct 12, 2012 Friday         0     0     1     0    0     2     5    29    15     9     9    14    18    25    43    15    18    26    19    10     8    12     1     0    279
                                                                                                                                                                               
  Oct 13, 2012 Saturday       0     3     0     1    0     4     4    20    19    13    24    12    12    31    17    22    27    15    14    16    20     2     2     2    280
  Oct 14, 2012 Sunday         2     1     0     0    0     0     4     5    15     5     9    11    16    10    11    12     9    10     9    13     5     5     0     2    154
                                                                                                                                                                               
  Oct 15, 2012 Monday         0     1     1     0    0     3    13    27    19    17    17    13    20    20    18    16    16    18    11    16    21    23     4     3    297
  Oct 16, 2012 Tuesday        6     3     4     3    1     4    11    20    12    19     7    12    15    16    10    16    19    15    21    10     4     3     2     0    233
  Oct 17, 2012 Wednesday      0     0     0     0    0     3    10    26    16    16    10    12     6    20    18     7    17    10     9     4     5    17    14     8    228
  Oct 18, 2012 Thursday       1     0     1     0    0     1    10    23    11     8    11    15     7    15    18    18    14    15    14     4     6     3     3     1    199
  Oct 19, 2012 Friday         1     2     0     0    0     1    12    21     4    13    14    12    10    22    15    16    13    21    12     9     7     4     3     4    216
                                                                                                                                                                               
  Oct 20, 2012 Saturday       4     1     0     0    0     0     6    12     8     9    12     9    15     9     4    13     7    13     5     7     6     1     2     2    145
  Oct 21, 2012 Sunday         0     0     2     0    0     2     1     2     1     1     6     7    11    14     6    11    14    17    11     5     5     3     3     0    122
                                                                                                                                                                               
  Oct 22, 2012 Monday         0     0     0     0    0     2    10    30    12    12     6    14    19    17    15    11     9    16    22     9     4     0     4     8    220
  Oct 23, 2012 Tuesday        0     1     0     1    0     3    12    32     8    11    15    12     8    14     9    19    16    16    13     6     8     3     1     0    208
  Oct 24, 2012 Wednesday      0     1     0     0    0     2    12    27    11    12    12    20     9    14    19    16     8    12    22     7     8     1     4     2    219
  Oct 25, 2012 Thursday       2     1     0     0    0     0    13    27    10    14    21    17    17    15    11    16    25    35    22     5     3     4     6     0    264
  Oct 26, 2012 Friday         0     1     0     1    1     3    14    15     9    13     9    12    12    19    24    20    21    13    15    13     7    13    12     0    247
                                                                                                                                                                               
  Oct 27, 2012 Saturday       1     3     1     1    0     1     8     9     5     6     4    11    12    12    10    14    16    11     7     2     8     5     7     4    158
  Oct 28, 2012 Sunday         0     1     0     1    0     0     1     3     3     1     5    10    10     3     9    14     8     9    10     3     8     4     0     2    105
                                                                                                                                                                               
  Oct 29, 2012 Monday         2     0     1     2    0     1    15    19    18    18    16    11     9    14    12    14    17    18    11     5     6     3     2     2    216
  Oct 30, 2012 Tuesday        3     0     0     0    0     4    13    26    17    17    16    15    18    30    13    15    18    18    12     9     3     5     3     2    257
  Oct 31, 2012 Wednesday      0     0     0     0    1     1     9    27    14    18    16    14    13    16    17    11    25    13     3     4    11     4     5     1    223
                                                                                                                                                                               
AVERAGES FOR DAY GROUPINGS 1 am  2 am  3 am  4 am 5 am  6 am  7 am  8 am  9 am 10 am 11 am  Noon  1 pm  2 pm  3 pm  4 pm  5 pm  6 pm  7 pm  8 pm  9 pm 10 pm 11 pm 12 mid TOTAL
                                                                                                                                                                               
               Mondays        1     2     2     1    1     4    13    24    18    15    17    17    22    25    19    19    16    19    16    10    12     8     4     3    287
               Tuesdays       3     2     1     1    1     4    13    24    14    20    12    16    14    19    17    20    20    16    16     9     6     6     4     1    259
               Wednesdays     1     1     0     0    0     3    11    24    12    15    11    15    10    16    18    15    16    17    14     8     7     8     8     5    233
               Thursdays      1     1     1     1    0     1    11    23    14    14    15    18    13    16    17    19    20    18    18     9     8     4     6     2    248
               Fridays        1     1     0     0    0     2    10    22    13    12    12    15    15    24    26    21    18    22    19    13     7    10     5     2    268
                                                                                                                                                                               
               Saturdays      2     2     1     1    0     2     6    13    11    12    13    10    13    16    10    15    15    12     8     9    10     5     3     3    187
               Sundays        1     1     1     0    0     1     2     3     7     3     7    13    14    12    10    12    11    11    10    10     7     5     2     2    141
                                                                                                                                                                               
  South        WEEKDAY: (Mon-Fri)    259  or (Mon-Thur)    257    WEEKEND: (Sat-Sun)    164  or (Fri-Sun)    199    TOTAL Month (MADT):    234                                 
                                                                                                                                                                               
* - Day Contains Some or All Estimated Data Due to Missing Data or Malfunctions at the ATR.                                                                                    






       
       
      Minnesota Department of Transportation
      Continuous Count Station Edited Data for 2012
       


                                                                                                                                                                               
---------------------------------------------------------------------Station 232, Direction North, November -------------------------------------------------------------------
                        Hour Ending At:                                                                                                                                        
    DATE         DAY       1 am  2 am  3 am  4 am 5 am  6 am  7 am  8 am  9 am 10 am 11 am  Noon  1 pm  2 pm  3 pm  4 pm  5 pm  6 pm  7 pm  8 pm  9 pm 10 pm 11 pm 12 mid TOTAL
                                                                                                                                                                               
  Nov 1, 2012  Thursday       3     0     0     1    1     2    10    26    37    37    16    21    25    16    17    23    24    21    15    16     6     2     2     0    321
  Nov 2, 2012  Friday         1     0     1     1    2     5    10    18    19    24    19    23    24    18    18    12    16    16    18    10     8     2     1     1    267
                                                                                                                                                                               
  Nov 3, 2012  Saturday       1     1     0     0    1     3     5     7     7     8    10    11    13     5    18    17    14    10     5     4     2     2     1     1    146
  Nov 4, 2012  Sunday         2     1     0     0    0     2     2     2     1     5    11     8    10     5     9    14    13     8     9     6     3     3     4     3    121
                                                                                                                                                                               
  Nov 5, 2012  Monday         0     3     0     0    0     4     9    29    15    15    11    17    18     7    16    14    19    23    18     3     3     1     1     1    227
  Nov 6, 2012  Tuesday        1     0     0     0    0     1    15    21    13    19    24    11    18    16    11    18    12    26    15     2     1     2     1     0    227
  Nov 7, 2012  Wednesday      0     1     0     0    1     1    10    15    21    15    14    10    16    10     9    13    24    25    13     4     3     3     2     2    212
  Nov 8, 2012  Thursday       0     0     0     0    2     2    11    16    18    10     5    12    19    17    12    28    17    15    20     2     5     4     4     2    221
  Nov 9, 2012  Friday         3     1     0     0    2     1     6    17    12    10    10    18    25    21    29    11    16    23    23     8     6     4     3     3    252
                                                                                                                                                                               
  Nov 10, 2012 Saturday       1     3     1     1    0     1     2     4     4    12    14    16    10    16    12     8     7    10     9     0     2     1     3     0    137
  Nov 11, 2012 Sunday         1     2     0     0    0     2     0     5     0     4     5     7    11    12     6    12     6     9     8     3     2     0     1     0     96
                                                                                                                                                                               
  Nov 12, 2012 Monday         0     1     0     1    2     4    11    14    18    10    14     7    10    16    10    18    25    15    11     4     6     5     1     1    204
  Nov 13, 2012 Tuesday        0     2     0     0    1     3    21    14    19    22    15    14    16    20    13    19    16    19    17     5     3     1     1     1    242
  Nov 14, 2012 Wednesday      0     1     0     1    0     1    10    21    12    18    11    17    10     9    11    18    12    18    15     4     2     2     3     2    198
  Nov 15, 2012 Thursday       3     0     1     0    2     2     6    22    12     8    20     7    12    22    14    15    24    22    11     4     2     1     3     0    213
  Nov 16, 2012 Friday         0     2     0     1    1     3     6    13    22    18    15    14    15    22    15    12    16    27    12    16     3     1     2     1    237
                                                                                                                                                                               
  Nov 17, 2012 Saturday       1     2     1     0    0     0     3     5     5    10     8    11    10     9    11     8    12     9    11    10     3     1     0     5    135
  Nov 18, 2012 Sunday         1     3     0     1    0     2     1     1     3     3     8     3     9     9     7     7     8     8     9     3     2     3     1     0     92
                                                                                                                                                                               
  Nov 19, 2012 Monday         0     0     1     0    0     3    10    20    14    10    13    13    18     8    16    21    12    18     7     3     1     3     1     2    194
  Nov 20, 2012 Tuesday        0     0     0     0    0     2     8    15    23    14    15    13     9    15    17    25    15    17    17     2     4     1     1     0    213
  Nov 21, 2012 Wednesday      1     3     0     0    0     3     5    10    16    21    10    13    16    22    22    17    19    20    13     8     5     3     0     1    228
  Nov 22, 2012 Thursday       0     1     0     0    1     1     2     1     7    13    20    21     6     3     5     9    12    10    12     9    10     5     2     0    150
  Nov 23, 2012 Friday         1     0     0     1    1     3     3     9     6     7     5    13    11    15    15     9    14     4     6     7     2     2     2     0    136
                                                                                                                                                                               
  Nov 24, 2012 Saturday       3     3     1     3    0     0     1     3     7     5    18    14     7     9    12    10     8     5     6     2     2     2     3     2    126
  Nov 25, 2012 Sunday         0     1     0     0    0     2     0     1     2     2     9     7    13    10     6    11    13    10     2     2     0     2     0     1     94
                                                                                                                                                                               
  Nov 26, 2012 Monday         0     0     0     0    0     2     7    17    11    14     8    13    17    10    15    11     9    22     6     5     2     1     1     0    171
  Nov 27, 2012 Tuesday        0     0     1     0    0     1     8    27    19     9    12    11    11    12    19    16    10    23     8     3     2     2     1     0    195
  Nov 28, 2012 Wednesday      1     0     1     1    0     1     8    14    15     7    17     7     5    20    12     7    18    24     5     2     4     4     1     1    175
  Nov 29, 2012 Thursday       1     0     0     0    0     2     7    17    15    16    16    16    18    16    13    19    16    25    11     7     4     2     3     1    225
  Nov 30, 2012 Friday         0     1     0     0    0     3     2    21    12    42    22    25    22    12    15    19    26    26    10     8     1     2     1     4    274
                                                                                                                                                                               
                                                                                                                                                                               
AVERAGES FOR DAY GROUPINGS 1 am  2 am  3 am  4 am 5 am  6 am  7 am  8 am  9 am 10 am 11 am  Noon  1 pm  2 pm  3 pm  4 pm  5 pm  6 pm  7 pm  8 pm  9 pm 10 pm 11 pm 12 mid TOTAL
                                                                                                                                                                               
               Mondays        0     1     0     0    1     3     9    20    15    12    12    13    16    10    14    16    16    20    11     4     3     3     1     1    199
               Tuesdays       0     1     0     0    0     2    13    19    19    16    17    12    14    16    15    20    13    21    14     3     3     2     1     0    219
               Wednesdays     1     1     0     1    0     2     8    15    16    15    13    12    12    15    14    14    18    22    12     5     4     3     2     2    203
               Thursdays      2     0     0     0    1     2     9    16    18    21    15    15    20    15    12    24    19    19    17     8     5     4     3     1    226
               Fridays        1     1     0     1    1     3     5    16    14    20    14    19    19    18    18    13    18    19    14    10     4     2     2     2    233
                                                                                                                                                                               
               Saturdays      2     2     1     1    0     1     3     5     6     9    13    13    10    10    13    11    10     9     8     4     2     2     2     2    136
               Sundays        1     2     0     0    0     2     1     2     2     4     8     6    11     9     7    11    10     9     7     4     2     2     2     1    101
                                                                                                                                                                               
  North        WEEKDAY: (Mon-Fri)    216  or (Mon-Thur)    212    WEEKEND: (Sat-Sun)    119  or (Fri-Sun)    157    TOTAL Month (MADT):    191                                 
                                                                                                                                                                               
* - Day Contains Some or All Estimated Data Due to Missing Data or Malfunctions at the ATR.                                                                                    






       
       
      Minnesota Department of Transportation
      Continuous Count Station Edited Data for 2012
       


                                                                                                                                                                               
---------------------------------------------------------------------Station 232, Direction South, November -------------------------------------------------------------------
                        Hour Ending At:                                                                                                                                        
    DATE         DAY       1 am  2 am  3 am  4 am 5 am  6 am  7 am  8 am  9 am 10 am 11 am  Noon  1 pm  2 pm  3 pm  4 pm  5 pm  6 pm  7 pm  8 pm  9 pm 10 pm 11 pm 12 mid TOTAL
                                                                                                                                                                               
  Nov 1, 2012  Thursday       0     0     0     0    0     2    12    25    25    11    17    19    23    23    19    18    17    17    14     6     4     3     1     0    256
  Nov 2, 2012  Friday         0     0     0     0    0     3     9    20    17    18    17    17    12    20    15    21    16    26    11     5     4     5     3     2    241
                                                                                                                                                                               
  Nov 3, 2012  Saturday       3     1     0     0    0     2     6     6     2    13    12    19    12    11    11    18    10     5     3     3     8     1     5     1    152
  Nov 4, 2012  Sunday         0     1     0     0    1     2     2     2     2     2     7     4     7    10    13     7     4    10    11     9     3     2     0     2    101
                                                                                                                                                                               
  Nov 5, 2012  Monday         0     2     0     0    0     6    15    21    10     6    14     9    14    17    32     7     8    21     6    10     4     4     1     0    207
  Nov 6, 2012  Tuesday        1     0     0     0    0     5    10    20    14    11     9    12    16    15    15    15    12    22     7     2     4     2     0     1    193
  Nov 7, 2012  Wednesday      0     0     0     0    0     3    11    17    22     6     9    13     8    19     7    13    13    14     9     5     3     0     1     1    174
  Nov 8, 2012  Thursday       1     0     0     1    0     3    13    20    10    11    12     8    13    14    11    22    14    16    19     5     5     8     2     4    212
  Nov 9, 2012  Friday         1     0     0     1    1     3    11    20    15     7     9    13    16    17    21    16    22    21    15     7     6     8     4     0    234
                                                                                                                                                                               
  Nov 10, 2012 Saturday       2     1     0     1    0     1     2     3     6    11     9     9     6    10     5     8     7     3     6     2     4     3     5     0    104
  Nov 11, 2012 Sunday         1     1     0     0    0     1     0     2     0     7     2     4     7     6     7     7     5    11     4     7     3     3     1     0     79
                                                                                                                                                                               
  Nov 12, 2012 Monday         1     2     0     0    2     4    12    11    22     8     6    10    14    14     9    13    23    12     9     6     6     0     0     1    185
  Nov 13, 2012 Tuesday        1     1     0     1    0     4     9    15    14    10    15    12    14     9    14    10    14    21    15     4     2     3     1     0    189
  Nov 14, 2012 Wednesday      0     1     1     0    0     3    10    12     8    19     9    11     7    13    12    19    12    22     7     8     3     2     1     1    181
  Nov 15, 2012 Thursday       1     0     0     0    0     2     8    16     9     9    15     8    10    13    20    19    15    24    11     7     4     4     5     0    200
  Nov 16, 2012 Friday         0     0     0     0    0     4    10    14    15     9    10    11     7    23    13    13    14    27    11     9     4     7     2     4    207
                                                                                                                                                                               
  Nov 17, 2012 Saturday       3     1     2     0    0     1     2     3    10     5     5     9    12     7    11    11    19     8     6     2     3     5     4     2    131
  Nov 18, 2012 Sunday         1     0     0     0    0     1     2     3     5     5     5     9     9     8    10     6     4     9     8     6     4     4     0     0     99
                                                                                                                                                                               
  Nov 19, 2012 Monday         0     1     0     0    0     3     9    19    11     9     7    17     7     9    14    16    13    15    12     4     4     4     0     0    174
  Nov 20, 2012 Tuesday        0     1     0     0    0     6    12    16    13    14    14    10    11    10    11    20    14    17    12     3     7     1     2     0    194
  Nov 21, 2012 Wednesday      0     0     1     0    0     3    10    14     5    13    12    10    14    20     7    20    13    29    12     9     7     5     2     1    207
  Nov 22, 2012 Thursday       1     0     0     1    0     1     0     5     5    22    18    14     6     3     3    12    10    11    13     3     5     0     4     3    140
  Nov 23, 2012 Friday         2     1     0     0    1     1     2     5     2     8     9    11    11    11    14    12    12     5     4     6     4     3     1     1    126
                                                                                                                                                                               
  Nov 24, 2012 Saturday       1     2     0     0    0     1     0     1     9     7    12     9     5     6    10     6    11     8     5     1     3     6     2     2    107
  Nov 25, 2012 Sunday         0     2     1     0    0     0     0     1     4     1     4     6     6     6    10    12     9    11     1     3     2     1     1     0     81
                                                                                                                                                                               
  Nov 26, 2012 Monday         1     0     0     0    1     4     8    16     8     7     4     7    10     8    12    17     9    21     6     4     4     3     2     0    152
  Nov 27, 2012 Tuesday        0     0     0     0    0     3     9    17    12     6    17    13    16    15     9    13    11    14     8     6    11     9     2     0    191
  Nov 28, 2012 Wednesday      0     0     0     0    0     3    11    14    10    19     6     6    14    14     8    14    10    20     3     3     5     4     1     0    165
  Nov 29, 2012 Thursday       1     0     0     0    1     1     8    14     7    11    12     8    10     6    14     7    15    20     6     9     3     5    10     0    168
  Nov 30, 2012 Friday         0     0     0     0    0     2     8    16     6    19     9    12    16    19    31    27    17    16    12     7     5     7     7     3    239
                                                                                                                                                                               
                                                                                                                                                                               
AVERAGES FOR DAY GROUPINGS 1 am  2 am  3 am  4 am 5 am  6 am  7 am  8 am  9 am 10 am 11 am  Noon  1 pm  2 pm  3 pm  4 pm  5 pm  6 pm  7 pm  8 pm  9 pm 10 pm 11 pm 12 mid TOTAL
                                                                                                                                                                               
               Mondays        1     1     0     0    1     4    11    17    13     8     8    11    11    12    17    13    13    17     8     6     5     3     1     0    180
               Tuesdays       1     1     0     0    0     5    10    17    13    10    14    12    14    12    12    15    13    19    11     4     6     4     1     0    192
               Wednesdays     0     0     1     0    0     3    11    14    11    14     9    10    11    17     9    17    12    21     8     6     5     3     1     1    182
               Thursdays      1     0     0     1    0     2    10    16    11    16    15    11    16    12    13    20    14    18    16     6     4     5     4     1    195
               Fridays        1     0     0     0    0     3     8    15    11    12    11    13    12    18    19    18    16    19    11     7     5     6     3     2    209
                                                                                                                                                                               
               Saturdays      2     1     1     0    0     1     3     3     7     9    10    12     9     9     9    11    12     6     5     2     5     4     4     1    124
               Sundays        1     1     0     0    0     1     1     2     3     4     5     6     7     8    10     8     6    10     6     6     3     3     1     1     90
                                                                                                                                                                               
  South        WEEKDAY: (Mon-Fri)    192  or (Mon-Thur)    187    WEEKEND: (Sat-Sun)    107  or (Fri-Sun)    141    TOTAL Month (MADT):    170                                 
                                                                                                                                                                               
* - Day Contains Some or All Estimated Data Due to Missing Data or Malfunctions at the ATR.                                                                                    






       
       
      Minnesota Department of Transportation
      Continuous Count Station Edited Data for 2012
       


                                                                                                                                                                               
---------------------------------------------------------------------Station 232, Direction North, December -------------------------------------------------------------------
                        Hour Ending At:                                                                                                                                        
    DATE         DAY       1 am  2 am  3 am  4 am 5 am  6 am  7 am  8 am  9 am 10 am 11 am  Noon  1 pm  2 pm  3 pm  4 pm  5 pm  6 pm  7 pm  8 pm  9 pm 10 pm 11 pm 12 mid TOTAL
                                                                                                                                                                               
  Dec 1, 2012  Saturday       0     0     0     0    1     0     3     7    10    12    14    14     9    17     7     8     4     6     2     6     5     2     3     3    133
  Dec 2, 2012  Sunday         1     0     0     0    0     0     1     3     1     3     5    12     8     9    11    13     9     4     3     1     4     1     0     2     91
                                                                                                                                                                               
  Dec 3, 2012  Monday         0     0     1     1    1     2    10    12    14    12    16    14     7    14    14    12    15    19    18     9     3     3     1     0    198
  Dec 4, 2012  Tuesday        1     1     0     1    0     2    10    24    16    22    15    12    17    16    16    16    22    18     6     5     2     3     1     1    227
  Dec 5, 2012  Wednesday      1     0     0     0    0     1    10    16    21    19    15    13    12    17    21    17     9    23     6     5     1     4     0     2    213
  Dec 6, 2012  Thursday       1     0     0     0    1     3     7    18    26    19    23    14    14    24     9    21    15    18     6     4     3     8     1     0    235
  Dec 7, 2012  Friday         1     2     1     0    1     2     6    19    23    14    18    17     7     9    22    21    18    20    17     7     7     3     5     2    242
                                                                                                                                                                               
  Dec 8, 2012  Saturday       2     0     2     0    0     0     4     9     4     6     9     6     6     4     4     5     7     2     2     2     1     1     0     0     76
  Dec 9, 2012  Sunday         1     0     1     0    0     2     1     0     1     1     0     1     1     2     0     0     3     1     3     0     0     1     1     1     21
                                                                                                                                                                               
  Dec 10, 2012 Monday         1     1     1     0    0     4     4    11     9    12     9     9     8     4     8    14     5    19     6     1     3     4     1     0    134
  Dec 11, 2012 Tuesday        0     0     0     0    0     2     5    11    14    10     7    21     9    16     9     9    11    12     8     0     3     3     1     2    153
  Dec 12, 2012 Wednesday      0     0     0     2    0     2     5    18    13     8    10     5    22    11    12    13     9    23     6     2     1     4     2     1    169
  Dec 13, 2012 Thursday       0     1     0     0    0     3     4    17    26    14     8     5    13    14    12    18    11    24     9     6     1     3     0     1    190
* Dec 14, 2012 Friday         0     0     1     0    0     1     5    11    13    12     5     2    11    10    16    24    14    16     7     6     2     3     1     0    160
                                                                                                                                                                               
  Dec 15, 2012 Saturday       2     0     0     0    0     1     1     3     6     5     5     2     2     3     3     5     3     7     1     1     0     0     2     1     53
  Dec 16, 2012 Sunday         1     1     1     0    0     2     0     1     5     3     3    12     7     5     4     4     5     3     1     2     1     1     0     0     62
                                                                                                                                                                               
  Dec 17, 2012 Monday         0     0     0     0    1     2     6    10    15    16    11     7     9    10    10     7    10    12     7     0     1     4     2     0    140
  Dec 18, 2012 Tuesday        0     0     1     0    1     1     7    15    13    14    14     8    14    12    20    10     8    10    14     5     2     2     0     1    172
* Dec 19, 2012 Wednesday      0     0     0     1    0     3     4    12    16    15    13    10     6    10    13     4    13    16    10     5     2     3     1     1    158
  Dec 20, 2012 Thursday       1     1     2     0    0     3     6    15    11     9    10    11    10     7     6    10     6    15    12     3     4     2     0     0    144
  Dec 21, 2012 Friday         0     1     0     0    0     1     5     8    14    15     8     6    12    11     7     7    11    25    17     5     7     7     5     1    173
                                                                                                                                                                               
  Dec 22, 2012 Saturday       2     2     0     0    1     0     2     5     9    11    19    19     7    16     6    14     8     9     6     4     7     4     0     1    152
  Dec 23, 2012 Sunday         0     0     1     0    0     0     1     3     5     6     6     5     9     8    12    14    15     7     8     5     4     2     2     0    113
                                                                                                                                                                               
  Dec 24, 2012 Monday         0     0     0     1    0     1     1     2     9     6     7     3     3    12     5    10    10     2     4     5     4     5     8     5    103
  Dec 25, 2012 Tuesday        0     0     0     1    1     0     2     4     6     3    17    17     6     9     9    12    17    12     7     6    11     2     2     1    145
  Dec 26, 2012 Wednesday      1     1     0     0    0     0     8     4     7    10    11    14    17    13    10    10     8    11     5     4     0     3     0     0    137
  Dec 27, 2012 Thursday       1     1     0     0    0     1     5     9     7     7    10    17     8    10     7     7     9    12    10     4     3     4     1     1    134
  Dec 28, 2012 Friday         1     2     0     1    0     1     6    10     6     4    15     9    11    16     7     9    11    10     3     6     1     3     2     2    136
                                                                                                                                                                               
  Dec 29, 2012 Saturday       1     0     1     0    0     0     3     3     6     6    11    11     5    10     7     6     3     3     2     4     0     1     2     1     86
  Dec 30, 2012 Sunday         2     2     0     0    0     1     0     2     4     6    11    10     7     7     3     0    10     6     2     5     5     1     2     0     86
                                                                                                                                                                               
  Dec 31, 2012 Monday         2     0     0     0    0     0     2     5     7     6     8     8    10    15    10    14     6     7     5     1     0     0     1     0    107
                                                                                                                                                                               
AVERAGES FOR DAY GROUPINGS 1 am  2 am  3 am  4 am 5 am  6 am  7 am  8 am  9 am 10 am 11 am  Noon  1 pm  2 pm  3 pm  4 pm  5 pm  6 pm  7 pm  8 pm  9 pm 10 pm 11 pm 12 mid TOTAL
                                                                                                                                                                               
               Mondays        1     0     0     0    0     2     5     8    11    10    10     8     7    11     9    11     9    12     8     3     2     3     3     1    136
               Tuesdays       0     0     0     1    1     1     6    14    12    12    13    15    12    13    14    12    15    13     9     4     5     3     1     1    174
               Wednesdays     1     0     0     1    0     2     7    13    14    13    12    11    14    13    14    11    10    18     7     4     1     4     1     1    169
               Thursdays      1     1     1     0    0     3     4    15    18    10    13    12     9    14     9    11    10    17     7     4     3     3     1     1    176
               Fridays        1     1     1     0    0     1     6    12    14    11    12     9    10    12    13    15    14    18    11     6     4     4     3     1    178
                                                                                                                                                                               
               Saturdays      1     0     1     0    0     0     3     5     7     8    12    10     6    10     5     8     5     5     3     3     3     2     1     1    100
               Sundays        1     1     1     0    0     1     1     2     3     4     5     8     6     6     6     6     8     4     3     3     3     1     1     1     75
                                                                                                                                                                               
  North        WEEKDAY: (Mon-Fri)    167  or (Mon-Thur)    164    WEEKEND: (Sat-Sun)     88  or (Fri-Sun)    118    TOTAL Month (MADT):    140                                 
                                                                                                                                                                               
* - Day Contains Some or All Estimated Data Due to Missing Data or Malfunctions at the ATR.                                                                                    






       
       
      Minnesota Department of Transportation
      Continuous Count Station Edited Data for 2012
       


                                                                                                                                                                               
---------------------------------------------------------------------Station 232, Direction South, December -------------------------------------------------------------------
                        Hour Ending At:                                                                                                                                        
    DATE         DAY       1 am  2 am  3 am  4 am 5 am  6 am  7 am  8 am  9 am 10 am 11 am  Noon  1 pm  2 pm  3 pm  4 pm  5 pm  6 pm  7 pm  8 pm  9 pm 10 pm 11 pm 12 mid TOTAL
                                                                                                                                                                               
  Dec 1, 2012  Saturday       1     1     0     0    1     0     5     2     7     8     9    10    10    12     8     8     8    14     3     3     6     3     2     1    122
  Dec 2, 2012  Sunday         2     1     1     0    1     2     0     2     3     3     3     2     2     4     5     1     7     8     7     4     3     5     1     1     68
                                                                                                                                                                               
  Dec 3, 2012  Monday         0     0     0     1    0     3     9    14    12    11    12    16    10    15    12    11    10    12     9     4     2     6     1     0    170
  Dec 4, 2012  Tuesday        1     0     0     0    0     1    10    17    11     9     9    13    11    14    13    19    16    15    11     4     4     3     1     1    183
  Dec 5, 2012  Wednesday      0     1     0     0    0     0    10    15     6    10     5    17     7    14    19    13     9    13    12     4     1     1     0     2    159
  Dec 6, 2012  Thursday       0     1     0     0    0     0    11    19    14    10     9    11    11    16    11    12    13    15     8     1     3    10     0     0    175
  Dec 7, 2012  Friday         1     1     0     0    0     1     5    22    14    10    14     8     8    16    21    14    17    12    12     4     5     2     4     2    193
                                                                                                                                                                               
  Dec 8, 2012  Saturday       2     0     0     0    1     0     1     4     4     6     4     8     7     6     7     9     2     3     3     5     1     1     1     1     76
  Dec 9, 2012  Sunday         2     0     0     0    0     2     1     0     0     0     0     2     1     0     1     0     3     0     2     0     1     4     4     0     23
                                                                                                                                                                               
  Dec 10, 2012 Monday         0     0     0     0    1     2     8    13     8    14     7    10     6     8    10     8     6    13    10     1     1     1     1     0    128
  Dec 11, 2012 Tuesday        3     0     0     0    1     4     9    19     7     5    11     6    11     8    13    10    12    12     9     2     7     0     1     2    152
  Dec 12, 2012 Wednesday      0     0     0     2    0     4     8    17     6     9     6    10     4     6    14    14    17    15     2     8     4    10     3     2    161
  Dec 13, 2012 Thursday       0     0     0     0    0     0     7    22     9    11     4    12    22    10    11    15    10    19    10     6     9     9     1     0    187
* Dec 14, 2012 Friday         1     0     0     0    1     2     6    13    10     6     9     6    10    13    11    18    17    13     9     5     5     7     2     2    166
                                                                                                                                                                               
  Dec 15, 2012 Saturday       3     0     1     0    0     0     0     0     1     1     3     6     5     4     5     4     1     4     2     1     1     2     4     2     50
  Dec 16, 2012 Sunday         0     0     1     0    0     1     1     0     1     2     3     6     3     5     8     5     5     7     5     8     1     1     0     0     63
                                                                                                                                                                               
  Dec 17, 2012 Monday         0     0     0     0    0     1     6    14     9     6     5     7    10    10    12     6     9    12     1     5     4     1     1     1    120
  Dec 18, 2012 Tuesday        1     0     0     0    0     2    11    15     6     7     8     5     6    18    10    16    11    16    11     6     4     2     1     0    156
* Dec 19, 2012 Wednesday      0     0     0     0    0     3     6    20    11     8     6     7    11     7    10    13    15    15    13     5     4     3     0     2    159
  Dec 20, 2012 Thursday       2     1     0     0    0     0     9    14     5     7     6     4     8    12     4    11    11    12    17     5     4     1     1     1    135
  Dec 21, 2012 Friday         0     1     0     0    0     0     4    13     6     4     3    11     8    15    16     8    14    14    10     5     4     8     8     1    153
                                                                                                                                                                               
  Dec 22, 2012 Saturday       1     1     1     0    0     0     0     2     2     7    19    16    10    19     9    11    10    10     7     3     5     1     2     1    137
  Dec 23, 2012 Sunday         0     1     0     0    0     1     0     2     4     1    12    17    11     5     7     6     9     6     6     4     8     5     0     0    105
                                                                                                                                                                               
  Dec 24, 2012 Monday         1     0     0     0    0     0     2     1     1     2    10     8    13    15    14    13     5    10     9     3     5     6     4     2    124
  Dec 25, 2012 Tuesday        0     0     0     0    0     0     0     1     4     8    12    12     8    11     5     9     7     7     9     9     9     3     2     2    118
  Dec 26, 2012 Wednesday      0     1     0     0    0     0     1     9     8     8     6     6     8    12    10    10     6    11     8     1     3     4     0     2    114
  Dec 27, 2012 Thursday       2     0     1     0    0     0     1    10     6     9    13     9     8     8    14    12    14    12    10     3     0     3     1     2    138
  Dec 28, 2012 Friday         1     1     0     0    0     2     5    12     5     9     3     8     9     6    13    12    13    13     7     9     6     4     1     1    140
                                                                                                                                                                               
  Dec 29, 2012 Saturday       4     0     0     0    0     0     0     2     5     4     8     6     5     7     7    11     1     6     6     3     3     8     1     1     88
  Dec 30, 2012 Sunday         1     1     0     0    0     0     0     3     0     2     3     6     8     6     6     6     6     5     4     1     5     4     2     1     70
                                                                                                                                                                               
  Dec 31, 2012 Monday         0     0     1     1    0     0     2     9     5     8     4     5     4     6    11    10     7     7     7     3     3     1     2     0     96
                                                                                                                                                                               
AVERAGES FOR DAY GROUPINGS 1 am  2 am  3 am  4 am 5 am  6 am  7 am  8 am  9 am 10 am 11 am  Noon  1 pm  2 pm  3 pm  4 pm  5 pm  6 pm  7 pm  8 pm  9 pm 10 pm 11 pm 12 mid TOTAL
                                                                                                                                                                               
               Mondays        0     0     0     0    0     1     5    10     7     8     8     9     9    11    12    10     7    11     7     3     3     3     2     1    128
               Tuesdays       1     0     0     0    0     2     8    13     7     7    10     9     9    13    10    14    12    13    10     5     6     2     1     1    152
               Wednesdays     0     1     0     1    0     2     6    15     8     9     6    10     8    10    13    13    12    14     9     5     3     5     1     2    148
               Thursdays      1     1     0     0    0     0     6    16     9     7     8     9    10    12    10    10    12    15     9     4     4     5     1     1    159
               Fridays        1     1     0     0    0     1     5    15     9     7     7     8     9    13    15    13    15    13    10     6     5     5     4     2    163
                                                                                                                                                                               
               Saturdays      2     0     0     0    0     0     1     2     4     5     9     9     7    10     7     9     4     7     4     3     3     3     2     1     95
               Sundays        1     1     0     0    0     1     0     1     2     2     4     7     5     4     5     4     6     5     5     3     4     4     1     0     66
                                                                                                                                                                               
  South        WEEKDAY: (Mon-Fri)    150  or (Mon-Thur)    147    WEEKEND: (Sat-Sun)     81  or (Fri-Sun)    108    TOTAL Month (MADT):    127                                 
                                                                                                                                                                               
* - Day Contains Some or All Estimated Data Due to Missing Data or Malfunctions at the ATR.                                                                                    



